/*
Somasekharam is given a 2D grid of size M*N, 
the grid is filled with integers in the range of 1 to 10000:
He need to findout the sum of the elements of the sub-grid inside
the given 2D grid defined by its upper left corner (r1,c1) and
lower right corner (r2, c2).
 
Create and Implement the NumGrid class as follows:
	- NumGrid(int[][] grid) 
		- initializes the object with the integer grid.
	- int sumOfSubGrid(int r1, int c1, int r2, int c2)
		- returns the sum of the elements of sub-grid inside 
		the sub-grid defined by its upper left corner (r1, c1) 
		and lower right corner (r2, c2) .

Somasekharam is given a 2d grid of size M*N and Q queries of sumOfSubGrid.
Your task is to help Somasekharam to create and implement the NumGrid class.

Constraints:
------------
1 <= M, N, Q <= 100
0 <= r1,r2 < M
0 <= c1,c2 < N
r1<=r2
c1<=c2
 
Input Format:
-------------
Line-1: Three space separated integers M,N and Q.
Next M lines: N space separated integers, values of arr[][].
Next Q lines: four space separated integers, r1, c1, r2, c2

Output Format:
--------------
Print Q lines of integers, the sum of the elements of sub-grid.


Sample Input-1:
---------------
6 5 4
12 7 20 17 13	// 2D Grid
16 15 9 7 15
1 18 14 12 10
17 7 12 14 4
2 18 3 16 17
7 6 7 13 8
1 3 5 4		// Queries
2 2 3 3
1 2 4 3
0 4 4 4

Sample Output-1:
----------------
116
52
87
59

Test Cases:
case =1
input =10 10 4
6884 7884 5829 3531 5386 9505 2978 182 8494 4848
9465 9745 5575 3227 4548 818 5514 1348 3820 6106
1037 4037 9997 2703 3810 8581 2933 846 8676 4125
4969 6119 9183 1063 7657 3854 3457 9465 4846 9656
4431 4336 8027 1882 1060 3308 7338 2763 1516 8873
5949 3289 9788 2595 6700 7170 4515 1703 3217 843
5482 793 8331 6967 8859 2342 3538 4736 9347 2517
8549 7934 3492 5435 6395 8936 6375 1218 1399 3304
1372 4640 459 5693 2416 4604 8677 9416 2500 2627
9582 7949 7757 1666 252 7573 4865 4267 9442 9387
1 3 7 8
2 1 7 5
2 3 7 9
4 7 8 9
output =186480
164643
196523
55979


case =2
input =20 20 5
5800 247 8628 8983 7506 9726 9441 6771 7214 9440 5645 6632 9008 8277 7524 9757 6161 8409 3648 3961
5937 8878 4051 410 3273 1927 6223 3501 7059 9426 5853 836 5033 8243 6347 5033 7447 4716 2782 3077
957 1379 568 1272 263 7617 1663 102 4435 3992 1282 6454 1155 1714 4633 3934 58 629 4047 7019
1799 9688 9091 3625 9285 1059 1118 6317 3069 1672 559 2245 745 8483 1220 945 3534 4130 7306 4442
9654 9725 1046 4297 6178 6766 759 2373 7621 3073 6594 869 9858 9264 703 5098 2573 5010 6226 9763
4781 3534 3339 4219 509 7652 968 1261 498 1998 1880 9341 7274 2993 2914 1486 6501 2353 6282 6287
6477 9315 7143 2932 9261 2276 5415 1627 607 8768 7793 3627 4707 3750 3538 3806 5253 5745 7043 9098
2092 6967 7614 2061 4555 8422 4202 6569 7782 2848 5197 2376 3678 3017 3135 5482 7761 8973 7318 4808
7725 226 7326 4009 484 9659 3085 9423 6997 9533 3761 775 2158 7495 5393 9876 4422 1264 8988 7333
9433 9198 7252 5471 8009 4537 7836 4384 6830 7294 2012 2391 8256 4512 1642 3676 9964 3121 576 5337
6794 3801 2187 7475 5031 8761 7668 3804 5196 7800 2158 18 708 5413 2521 9010 3326 1122 3540 999
1506 2854 7925 1502 6826 4335 1781 4086 4920 9682 1010 6005 1679 2393 1247 2892 2075 1818 1609 9305
813 6513 3760 1206 6589 7354 1564 6345 2857 4516 3286 905 2777 4933 1724 3059 7665 5950 405 6335
6406 7217 6740 2165 1979 4847 3653 2417 274 2445 7106 6912 9586 6669 1629 6038 4055 3385 8264 7724
1600 9401 8109 7568 8922 4970 2170 7393 9981 7774 3745 8698 756 7882 3201 8960 8947 2357 4436 9017
35 9318 3366 1711 7366 5527 5614 7511 8983 7934 6250 7801 5360 336 4627 3863 3505 1043 9573 7790
7711 6114 8717 4822 9714 9354 3043 6636 9228 9155 6155 2685 7222 3984 421 8398 358 6367 3832 3004
5964 6569 9106 456 9708 2434 7173 4239 1938 4666 1637 1090 2264 866 8419 3796 8573 7989 2695 8111
2638 9189 7366 3737 5444 6561 5245 2431 9907 2458 7249 2196 3684 5775 6393 5633 8540 6801 8626 6604
2666 5538 5020 7052 8545 1654 1505 6261 3656 3481 819 8174 7848 8579 722 2231 870 6867 6825 6790
2 4 12 16
3 8 14 17
1 7 14 18
12 0 19 14
10 15 19 19
output =618332
532783
749486
612379
260977


case =3
input =30 40 4
9240 8441 9880 9390 7367 740 107 4717 1938 9988 9884 283 9563 5035 8565 2411 7865 5936 7530 1837 2728 8131 6209 4379 7863 5209 2655 5089 3321 8857 4380 7407 2700 5284 9910 4571 6540 5665 3448 1520
1111 9256 3775 3696 209 7112 2540 8505 8478 9231 9545 9112 6014 9404 7779 8731 6305 1014 7055 4421 197 8805 6182 8079 7473 334 1598 5989 8488 3842 2344 5385 3519 5536 8652 1925 9330 8736 1864 4026
6536 8100 5983 5241 7278 2592 9777 8542 2672 351 7489 2336 383 3426 9522 2251 9067 629 2384 1948 7725 3710 1792 5075 9754 2723 721 1571 5266 1928 8441 6155 7917 326 9613 6508 2304 231 3472 5699
9287 7577 5753 4793 1569 372 3524 5089 2436 8791 3625 9363 7704 397 1874 7080 9501 6424 1553 928 1071 3017 4295 3974 4334 7781 8415 8357 9960 8711 2545 412 5281 8565 6193 6799 451 244 6340 2365
4879 8783 2236 4160 1015 9718 5313 8191 7365 7771 8640 3119 8200 6153 8056 431 5272 7507 5363 462 3571 7964 6099 8468 2717 8893 8444 4654 1295 9800 8996 1942 2195 8577 3257 2025 8648 3970 8699 8327
821 9814 6722 4166 5884 3043 6451 7567 3375 5584 1896 3505 9828 9385 118 2007 3321 1723 5642 4816 446 8201 1414 418 6105 7635 73 8177 8676 1104 5635 7216 4566 333 4251 873 4348 5973 7793 9140
1436 734 9229 9842 814 9398 1201 3349 3964 4039 9810 4433 7740 7435 3233 7644 5281 166 3849 8016 8162 9179 7639 194 6835 4368 4672 3503 6089 3067 9953 1567 5989 5086 7731 5990 871 9514 6557 420
472 6029 3846 3969 5318 6681 7065 2381 6687 8945 4374 5422 3194 6044 6289 3381 1194 8553 1410 2620 8044 4251 7968 8851 5463 9294 1882 3542 8554 6462 9869 9555 4503 3847 6819 3521 4858 3807 181 2810
9702 6582 8626 5248 8577 7633 3169 4301 2607 7284 4132 2461 2970 5561 8442 1881 3038 102 9643 8086 1076 4606 217 9804 4782 1672 7385 5051 6684 6009 9879 9062 3892 4891 5517 3492 7493 7064 6953 2300
8034 9946 3746 8254 5020 4630 1550 3590 8793 5726 5160 3289 4262 1097 2081 8515 3466 189 4061 794 9923 6601 9164 2640 1187 5751 9728 8046 7555 2153 1935 5334 8317 982 2342 1352 6898 3337 5886 2213
530 1208 4638 7911 4878 8449 5937 8679 8427 5886 7904 1453 5298 7746 8077 4438 1675 7108 7317 1394 7652 8634 177 5018 4457 6421 2062 1887 2766 9287 5002 1719 9190 1004 5767 3832 4041 3895 7217 4664
8715 4773 4590 7588 1207 4714 5209 6971 5491 268 1572 1432 2235 4185 8260 6888 2300 3177 9599 7012 5070 5210 5883 6770 2303 9160 5728 7373 1531 2209 6838 7390 8894 8665 5943 5957 8595 9450 2981 9124
3189 4929 7025 4500 7880 6943 6949 4660 341 8169 4008 636 1466 4047 1216 7496 3231 8153 3357 9127 2437 3790 8675 3809 132 997 8063 1691 9647 1870 7216 6991 2074 629 1399 2668 5796 1328 23 4415
3109 2368 7652 5831 2673 6182 3451 5956 2283 3839 986 9898 7002 284 8606 2142 612 5225 4716 257 7083 7160 4986 6132 3944 929 8523 4183 8564 1001 8603 2459 8942 5634 5987 6075 6821 7542 9280 370
9919 199 6797 5273 8738 2639 7138 197 287 1082 5943 5507 595 6998 6702 8062 3059 9487 4977 3871 785 7426 2127 7164 4862 593 6454 7306 8849 1233 8272 2688 6824 2146 5924 6838 2223 4203 8451 2749
3038 6157 1880 8900 479 8454 6589 6614 3450 4272 4884 3898 8859 5083 8115 3190 8508 1030 1569 6263 8719 3369 6352 336 5616 8518 9777 6762 8182 7042 806 1059 6712 8938 6137 5159 5833 7037 1087 8264
8787 151 1295 2441 7712 5768 776 2945 3966 2575 5408 6480 2218 8178 6027 607 7025 3954 3529 1126 4992 8106 9955 8850 4672 4602 9212 8160 2811 5708 8717 6969 6861 5200 5733 1717 2297 6497 492 8435
2619 8163 9622 4128 3056 4323 7874 3355 7603 9972 6786 4953 9632 5083 7754 3678 3559 8814 6736 4992 4908 3006 5645 9091 823 856 8885 7357 1133 6860 1723 4717 1527 9785 4765 8656 717 5757 850 9492
5652 3746 2725 4962 53 6713 5921 6244 6406 8330 6182 6280 3033 8464 9469 9665 3495 9638 1272 2102 6725 318 6051 6234 7263 12 7455 5359 4944 372 2590 7712 6630 479 9079 9792 2522 8704 5265 8850
924 8448 9696 3025 2993 5416 6917 1637 4857 7955 486 1694 2958 313 598 6770 9729 1531 124 6307 7138 2178 8074 4099 1831 32 2234 7984 6436 9414 3366 3709 6619 7711 6988 4764 2732 3391 773 9568
8291 5253 6198 4467 2991 695 5621 7970 6720 2515 9079 4164 5223 4954 1469 7619 8245 2424 4094 6708 3141 4481 9428 4560 7322 4688 8672 128 8104 2502 2772 2157 8141 3105 8611 9807 8697 6966 5198 3470
2085 7714 8049 8449 5038 8484 6803 9465 8217 8666 4208 1403 7643 2017 1559 2656 7552 5594 8448 9679 2744 2638 264 5394 5011 4600 1958 6685 9974 8121 8400 6031 9939 2423 6482 8711 5720 2116 6732 2940
7955 6633 4599 8851 3877 618 814 1202 7165 5302 9325 7279 5266 5830 6676 9387 8086 8184 4388 535 8950 872 3332 4081 7049 7188 7358 7430 9756 5203 851 2458 8124 2134 2917 5829 5147 4355 7254 8949
1621 3895 7479 4969 6640 6086 4956 1716 8129 9006 6176 6583 8961 9136 8548 1611 6866 4267 7387 4446 8964 995 628 5569 637 4871 145 9155 6080 167 4678 2463 5776 8433 3005 6898 9478 2872 1889 2052
2307 6792 1888 1032 6581 7850 9193 6443 2640 7862 3984 9332 3935 2008 3974 9455 4342 304 8375 3111 464 4642 786 2978 1591 7502 6382 3176 9354 3686 5344 6608 8767 8025 7727 1986 5538 8327 405 9468
8461 3911 8418 1012 3342 2353 7038 290 3289 5924 9875 8536 4004 7388 3942 752 8053 8622 6146 8405 9104 9799 673 7661 9822 3056 8543 664 6858 5440 1694 5399 9137 1471 2318 6056 3466 7731 5993 7168
6849 7808 513 3812 178 6135 1426 7670 4416 889 2258 1030 507 8966 8801 1216 945 3335 4193 3100 9567 143 8185 5635 6616 4151 4768 4011 686 4594 8997 477 7762 8737 9839 946 284 6275 1803 7300
2262 8158 985 4825 6081 743 4706 1975 158 9936 3812 6619 6901 4019 7581 9381 3937 1734 2127 3730 6709 7183 9895 3333 3851 2019 2088 795 2578 3206 9315 716 5301 2653 7264 2496 405 2885 7988 5852
1120 3611 4525 6960 1756 884 7507 1013 6503 5241 7372 4312 6647 7282 5278 4936 6384 4641 5707 4586 8208 3789 2838 9138 7864 6337 2760 6312 9058 5598 6629 459 7776 6041 9028 9545 2221 5053 5657 312
7228 1953 3685 1084 8677 3013 574 9285 9609 7173 2653 560 5039 3862 3352 4221 4250 657 5419 2774 6047 5105 4293 9491 9571 5020 573 1448 237 9135 55 6085 2388 8635 866 732 5707 8158 2987 9357
12 18 28 37
1 19 1 29
0 0 29 39
1 2 28 37
output =1738887
55408
6147543
5171728


case =4
input =50 75 5
4 8494 8224 4628 4320 2975 7944 1735 6715 5767 6901 9368 4830 9312 6515 458 9186 2982 9080 2693 1116 693 7291 8851 7595 6540 8994 6949 7996 5557 9050 5256 6003 9808 9323 3248 4668 5691 4716 336 7435 664 1593 9669 3948 4881 6303 9838 9135 7457 1606 472 650 6311 4307 9874 8969 8458 6253 6724 7422 6550 495 4567 8878 5592 2132 2164 6223 243 4959 1913 2590 7355 3495
3510 3720 6099 7198 1513 4051 5599 8003 9801 3832 1363 1668 2563 4388 6240 9271 2527 1710 4894 8921 5384 6446 290 5901 2072 5691 449 2167 3005 4828 8816 744 8922 6372 2564 3816 4704 4768 6566 2343 2479 3819 3644 3234 2772 522 628 6661 5555 240 6748 3963 5505 1577 9987 483 3992 9123 7725 1984 5951 5841 4917 7161 4074 6949 6834 4594 3277 1075 6172 7531 4808 4135 306
3527 6136 8044 591 5315 639 3938 3736 2443 7708 2341 9713 3903 781 2137 3858 9743 8560 6045 8015 9056 3313 3400 6876 2113 2508 5644 9631 3598 5856 209 6202 1161 4447 6223 2921 6596 598 5285 940 8158 3986 4473 2479 7596 2751 2436 3204 6926 3924 4746 6057 9755 4929 4791 806 5510 1057 5155 5896 8145 3603 7422 5498 2641 7525 7974 6107 4997 1323 9270 1524 7100 5292 551
7952 9735 301 9100 2215 7213 8384 9709 2359 191 7152 5056 3827 4457 7817 1588 1699 2849 9019 1350 7064 9703 158 8661 3714 732 4073 2078 5210 4878 2723 1276 330 464 9066 4367 5425 3976 6224 515 5544 7938 4310 7717 95 6648 4124 5314 6253 9952 2827 2156 8508 6262 813 2646 4936 7825 8632 87 6903 6789 8042 814 8178 2596 4460 3697 2013 5067 6967 17 2261 8649 7313
5348 892 3331 8736 6206 2310 9959 2874 5214 3527 2776 9548 7350 5757 6041 4446 5304 1051 1686 1277 5267 4762 1711 6537 2031 5702 1662 9397 8904 1287 2414 4066 9199 2780 7797 3735 3531 1409 661 6733 3541 3215 9407 5240 5365 2171 7860 2056 2298 5657 7006 481 5063 4378 9412 5432 2730 5325 8098 8929 6357 7292 3908 648 3166 2859 9576 6960 3477 8939 8955 3654 627 634 9279
5469 4258 2499 3454 9232 3531 8935 7914 7609 1455 5754 2239 749 2868 7060 9735 3296 2085 2823 5191 7230 2606 1017 9569 3366 8971 9659 3058 7465 5039 173 5406 8942 8569 3052 4601 2613 9978 1438 2549 8968 2208 9537 1131 3429 9043 6975 3587 5286 7986 3861 6896 1033 2062 361 4952 8023 2796 7550 9828 527 6334 1792 323 4018 8379 7507 173 706 8691 3890 2885 3952 4127 445
9379 5650 3048 9618 2723 1413 6995 4918 7113 1285 5624 6066 9174 1285 218 6581 2451 341 8546 2631 8828 3858 4256 3937 914 3985 2648 1301 8260 1465 9331 8241 4051 9324 4459 3783 8553 3725 6275 408 6715 9984 662 1608 4344 43 6426 4198 5077 7416 3780 67 34 3185 2912 2775 7714 2363 630 7634 4318 2493 8819 1402 8897 2556 4214 5099 209 3924 1093 5429 2668 2129 9464
4256 3053 9840 8285 6647 8342 9669 8616 5640 5037 4541 9101 4542 3425 6820 1218 5776 4998 5750 9742 4181 3238 5684 8657 3171 5901 2575 5562 528 7558 6973 7466 6449 9796 6905 1855 5046 7823 7163 3575 1617 2636 236 3103 9409 3141 7486 8267 8031 3927 1469 8610 1450 1431 9089 755 8957 9045 5838 9412 2894 1633 427 821 3825 8841 595 7497 9791 8125 1564 154 1134 4488 1671
8458 2429 4952 2360 8874 8136 5446 2394 6141 6634 2106 2594 7205 3033 3625 8697 5670 8439 9697 3694 6253 6870 2165 1583 611 1842 2398 2379 9850 5185 1797 1301 2735 3203 9351 9885 5275 8166 617 829 8716 6138 7766 2275 3892 6220 1809 8348 8785 4434 925 4752 4731 2028 5536 1346 5720 2595 7110 5660 2799 5443 3377 7779 8942 236 9285 6321 6835 651 3639 8271 1851 3056 257
9514 2182 7013 4686 7129 768 7977 2016 8771 6871 4132 7859 4812 7271 4253 2884 3613 9100 7149 5668 9077 5010 6430 5171 3535 2975 8555 2066 798 1687 3931 2544 3360 2267 8239 6736 8643 8796 3756 240 3308 6866 3671 4682 5064 5038 344 9942 7723 8145 7974 8115 3830 7579 7821 2711 3302 7777 8988 8017 9824 7148 6131 9327 5307 70 8965 2822 5397 2939 9324 6259 5466 6590 8889
3148 2403 6566 5299 4323 7146 1991 5164 9598 9148 7001 938 1703 4701 6021 2403 2466 131 4095 5127 1594 3066 6261 104 7428 5540 6071 1027 6161 4528 9168 3784 3331 8539 1326 6648 3639 7539 329 7666 1585 8356 7507 7326 1568 9576 5110 1764 2147 8477 4564 5925 9216 7614 5431 5717 9547 1266 9609 6794 1548 8994 2308 2309 7520 8415 6851 1371 4377 7579 3458 3119 573 1481 6530
9852 8960 9657 9289 4320 9506 6425 1583 7882 5938 3269 5194 9016 5392 3537 7937 2993 1951 8729 6293 3940 3548 6703 7494 5358 5178 8524 6013 3658 3329 413 2908 434 1404 1738 1040 4076 9424 1915 7680 4824 3993 3445 5760 8690 6263 8344 9898 5689 7839 8522 6680 4963 2851 8126 3853 6422 9130 6709 4618 3949 5270 5375 7210 6970 7812 6077 5189 2868 8930 1463 1735 5558 4899 7792
9964 323 4267 686 8499 1838 5042 9518 8961 9972 2526 115 6566 3149 5783 6312 6202 4823 1313 7646 8696 9193 5247 1312 2039 681 8989 7691 6399 6723 2676 9811 2509 9455 136 698 3699 9217 507 4434 1018 1562 6499 619 816 2364 2173 297 5180 3208 5668 9936 2950 9373 3772 6100 6833 5519 9413 688 840 919 2465 2939 1227 3310 7544 648 4765 4912 8936 7891 7640 4847 3612
2611 243 6711 8471 6943 9168 6739 3452 48 8798 6346 6266 3795 8072 6063 5819 7279 7728 9421 1940 1754 506 7721 661 2016 4381 5355 6157 4848 1265 32 2150 4886 8301 6355 649 7534 2277 1982 9812 806 963 1297 3900 9582 5583 2305 6730 6216 2870 4966 9137 1553 7645 5434 2314 5569 1508 6161 255 8390 1127 2167 7088 8585 8092 8975 121 5904 1624 6830 6771 3100 8977 4583
6748 1189 9163 5082 4958 2934 7124 1138 3318 1452 9062 9571 2314 63 1830 336 8891 1284 8776 5898 277 5030 2451 8008 3574 9289 2021 6459 2380 2266 6947 5626 5428 2742 9395 519 1999 7303 9097 8293 9870 3518 1162 7434 8026 7528 4938 622 6889 3380 9703 8478 4359 1527 5092 8712 7966 9763 4877 7253 5746 8547 2862 5723 5997 6596 9131 9009 8782 215 664 7222 9943 9499 6555
6708 3418 6412 1204 6711 6174 1298 3181 2106 5799 8073 5709 1953 4663 8630 2444 7640 9511 190 2801 9549 803 1387 1594 1894 9896 3459 1624 8447 7532 7347 4613 6003 4092 2734 2526 3058 7632 5466 3315 8887 8254 9778 8735 7071 8582 6135 886 1336 3802 9822 2535 2860 3281 3528 8048 5584 7263 6414 9125 8874 5598 3088 6053 3387 745 648 9898 4342 1508 2745 908 935 4493 8320
5442 1936 6108 4011 7849 7117 7712 8171 5802 2627 2793 9672 786 1928 2762 6917 4711 7357 8450 5438 8059 2892 2690 5626 5766 7639 248 1516 8581 1463 6487 7941 7568 1961 4689 8914 9308 5975 5599 5193 7474 9264 1247 5230 1717 8333 4665 7415 5862 5213 9673 41 1527 6484 7108 34 9960 3642 5025 2276 770 2614 6937 7322 2750 8729 8261 3634 490 8025 1418 717 5713 3985 2516
1727 5576 8934 3489 2645 9109 1828 808 4684 7448 5657 3237 7457 6520 7785 3870 1435 6197 4085 8548 5837 3590 1346 1364 5517 1790 5452 8088 1467 3773 1924 7243 5527 2745 5834 4436 147 1595 2840 8583 1799 6288 7078 7307 9394 4854 3683 6206 295 3650 3517 7710 2299 3292 8102 8574 5184 3256 3516 514 8862 854 3562 1327 6268 6986 5957 4297 9527 2621 4094 4179 3526 2878 9607
5519 6158 1546 6384 1277 1960 4834 1390 4267 7273 6559 3773 8298 494 4573 5590 2220 1799 3509 2906 8784 1765 3004 9636 1609 1675 9834 7341 963 3369 9304 713 6867 7345 5773 7677 8779 6832 5123 8804 2366 3708 1629 4616 9002 9748 4391 4421 6406 9315 4058 6388 7412 9849 6113 5484 9877 4335 3782 3953 2329 2791 2920 4292 1320 4315 1142 8566 877 3579 22 157 7951 992 6548
9977 5443 4791 6544 5730 110 7509 2244 5618 3033 8814 2477 4750 9727 1646 8408 3669 8719 4646 386 326 5865 9094 1597 6232 5579 4765 5402 359 255 5383 7453 3007 5160 1535 9728 3657 7100 4826 59 8728 5949 3999 7890 1506 4769 5430 6367 2003 9270 6767 2980 5318 5762 2595 781 3291 1172 783 5619 9143 6982 9369 966 2219 6209 1263 4144 9452 5568 7162 2103 8382 629 6620
6403 6704 7475 5960 9397 6752 3697 9508 906 9618 715 2509 8091 6588 6692 5042 7030 4163 2599 5336 1819 9294 8911 4050 1337 4070 8139 8099 549 9954 6439 8693 1485 6056 2265 6949 3786 5296 3653 2738 6803 9229 4503 7328 7898 7565 6246 1502 212 4286 2541 3241 6059 4554 5853 1822 8084 162 899 1848 7593 771 8961 4664 8118 7613 9803 7646 3189 2328 6877 9657 9516 5481 3852
3859 9583 7785 6037 7694 354 5057 9087 6195 8226 8847 6824 7181 5366 2891 2181 2127 2080 5661 483 6562 2623 517 1313 1690 4441 1981 4802 9630 1509 3552 4450 3905 2957 5757 2825 9480 3480 9415 3586 2829 2715 3298 4534 9976 7349 3301 4110 1764 8190 3950 6341 4900 9381 6107 1620 795 2219 6370 6449 7161 5787 9555 1048 3535 946 7572 2610 1679 623 1553 3126 9480 468 1154
6376 8384 149 1619 2674 6404 2571 8577 3879 5084 3617 8410 7073 5250 3903 1918 564 1811 4192 9293 7031 7300 2367 4444 7148 3931 9833 11 8693 4480 3993 3018 155 1843 4399 159 5581 3625 4409 8270 6835 4574 6906 4345 4128 545 7604 8159 142 6065 9552 381 4242 5560 9035 97 7826 3768 8203 211 6103 3825 4045 6835 4594 3484 9042 9343 3960 4725 8041 8712 8600 5883 5756
8251 2593 1058 1272 6234 8220 3481 696 9204 4340 4421 5452 1912 6213 3042 2199 5593 2280 3003 1237 626 2133 8009 3842 4387 788 2545 2441 6261 794 5277 7704 9478 2508 3943 1880 7747 3968 923 404 1014 5825 8424 701 7591 2289 9785 1284 2610 6323 5726 3903 1235 3196 6948 6280 2913 843 700 9853 2840 8123 7413 550 6364 3998 2741 6291 5552 350 8494 4933 7983 892 5658
4655 356 6302 6414 1698 6501 9116 5326 5103 2730 8300 4940 3458 1674 9970 4581 4456 5770 909 334 1622 9365 7535 4571 6497 7061 5290 5446 3751 3339 8211 6666 3379 3477 1676 1639 745 4676 8090 6578 4143 1375 770 5201 6080 5672 8195 771 7319 8060 5655 225 5276 931 6314 7508 4922 5163 8095 9818 4208 4346 1150 8940 3346 3807 2709 3496 1964 2318 5163 7695 578 4930 8534
4564 6044 2008 9408 7690 8819 2 7587 1736 7691 7204 1993 3302 8761 1107 4026 470 8318 846 2598 8565 7524 4805 489 7629 6938 1505 94 5751 8461 5167 5313 5341 7461 6920 5474 4498 4487 5486 6882 3720 310 434 4262 2956 1676 3367 2723 9943 5614 1710 5437 908 3152 2250 314 4627 77 6058 5145 8259 2153 6165 9556 9869 4261 1859 3294 7445 575 5571 8367 6100 6092 5287
5044 735 1454 6872 6499 5796 5341 2316 2235 3466 7794 1776 1839 903 8348 1123 1250 1418 1593 9903 2386 9196 7833 1787 7246 3043 2754 2400 6664 3178 3229 1592 1702 8895 2876 1215 5887 9519 4733 7538 8533 3423 6443 7435 4065 4041 6821 5905 6832 3052 6022 2712 3234 9314 3240 7162 1272 6296 6308 5642 2317 9639 2173 1959 6682 4660 7632 1619 594 5730 3480 2087 9619 8574 559
7461 1544 9872 6245 6250 6369 2722 5102 8304 4759 5267 893 6848 6493 9434 8589 6789 5275 2859 2710 1742 6949 5195 8146 3518 3184 5778 8564 2261 9092 2885 5662 6684 3387 2162 7456 7945 636 2484 5533 4503 1054 8887 7008 2387 578 6319 1936 8633 5801 472 8914 4618 6801 3348 8582 5529 7413 3189 3025 590 2584 3723 7018 9286 6520 339 2277 1674 3757 3042 3653 377 435 4491
9839 1148 4379 2793 5723 7560 2589 920 1255 1000 2740 1901 4821 5926 1324 865 3104 8462 2996 753 7077 7976 6750 6910 3456 4635 5417 9188 2852 1296 1472 4984 5706 1678 2878 2262 3302 3847 9360 8649 4547 5901 2889 1889 3069 469 8466 2715 8537 9389 1190 2549 6688 6535 9889 7970 4752 5785 7634 5618 5196 9837 9971 570 7662 8572 9758 5201 4433 5322 4260 5253 952 2053 7409
6192 1762 5617 4638 8400 7551 9670 7036 3607 4972 8951 2009 472 9624 6698 7672 8003 3210 4249 5639 5784 1463 2447 1489 3991 8115 9638 9512 9408 3024 8257 8030 2001 5902 6025 2476 1964 4325 9476 4121 1504 6398 2190 9098 5017 7476 3091 2126 8760 5636 415 7791 8521 7321 5012 5068 4339 6385 1488 2077 5339 4821 9430 5552 2143 8589 5163 9780 4566 4172 523 1883 6636 8254 545
4851 8022 1295 9773 3365 85 9586 9998 5596 8924 451 9368 4768 5399 1368 1908 835 309 4691 2446 3092 3421 6475 6813 8151 773 4978 7428 6665 1094 5133 5043 3568 1498 6945 3031 4534 8008 7483 5666 3981 1371 7211 8408 2258 8605 7646 3302 6747 2838 5506 6914 1412 7906 1771 6292 432 8580 8663 7218 9869 9285 7221 1284 6988 2309 429 998 334 5819 4525 7066 1685 4606 3165
7164 9260 9196 6464 6485 770 5325 1152 6004 4854 6064 86 867 6808 501 6433 6785 4487 1945 4142 9809 603 7411 4966 2463 3256 4226 8490 2141 6428 5515 4744 5431 6998 5219 6015 1039 890 4528 7692 2245 6110 610 8939 8108 112 3921 2749 9051 1998 9155 5856 632 1974 2410 750 8865 6112 227 8344 6816 5416 3495 9014 3067 266 5866 9593 544 6310 2455 697 2496 8633 19
9929 304 1032 9697 1050 7854 3241 2538 9858 9319 1054 7483 4253 484 2164 64 9573 2712 107 2950 7550 3409 3436 6568 4787 7159 6270 7394 6676 1078 1348 8008 2964 7767 7811 473 8453 3754 8117 8380 838 2020 806 4411 5113 1503 7610 3437 4590 4641 2126 2621 7537 7786 6443 8843 9940 7983 189 3698 6366 3852 5533 7061 1906 2077 3085 6413 8382 8922 8801 1598 5477 1328 1832
2238 517 4823 965 2421 5780 9001 8222 8294 9283 1064 873 4445 3008 3650 8611 5869 5516 9842 74 6107 5773 1459 1227 4600 3985 1880 3638 8808 1620 1918 8882 4163 7947 8480 107 7488 5891 3523 662 8100 7548 8452 1277 8605 1658 5441 2110 4519 9288 1094 4274 4999 7245 8244 4163 4895 204 9830 7 7343 6094 3160 996 6190 8135 9983 3879 4521 3983 2196 3345 8668 8218 5830
32 3748 1982 3103 8809 6508 9914 3216 4443 652 9023 7305 873 5913 7599 2154 5995 3010 7948 6681 6297 2598 2945 2429 5496 169 1691 2877 7010 2827 6938 9272 1550 3005 8508 62 7637 1891 1404 6705 4495 34 9977 9770 6170 5511 2042 8301 1113 9640 6163 1529 4512 1311 9237 6295 4607 5586 8682 9040 6475 7649 8515 2054 6529 6178 7946 4772 6897 8802 310 2513 1060 1043 2378
5259 7224 3119 2722 8073 2485 8850 7982 2884 5754 7147 9021 8860 3153 530 7983 5525 2299 1496 3114 5326 4621 2690 5802 8806 8111 5276 5007 9016 8667 7580 7133 7428 6573 1803 9185 1021 2929 9255 541 7863 6563 5495 3909 1154 9635 3763 4386 9586 6444 7900 8933 4432 2064 2978 5370 8416 8520 6588 7882 1242 2961 2679 7645 988 8285 6505 5973 485 6206 394 3540 9387 5816 5821
7281 651 1954 6863 5768 596 1375 9244 1888 7848 9336 5930 9184 470 5217 6237 8126 4167 61 9048 9136 4902 1682 8945 2734 975 6560 18 5135 6222 8278 4111 5731 1717 5524 483 2538 8611 4773 3448 7693 3684 4148 1954 1008 2511 4290 7444 1835 510 1594 5096 3132 8476 1106 2833 7777 7471 7346 7538 6401 9414 7120 4512 200 6223 2631 3151 8131 8696 5013 9355 678 8251 9614
5816 3496 6678 8354 1893 3953 7732 1570 6371 9007 6056 2024 6257 7486 712 987 7635 1398 2023 8637 7507 9456 4454 2164 5808 2770 6856 7459 1321 2591 1383 149 808 6972 3699 7865 4059 7551 1028 8421 1423 5538 2882 9918 5206 2413 8600 6633 4858 1786 9387 1982 9281 781 6478 6558 6282 2842 5466 9593 2436 3107 7836 3437 5851 4169 9690 9241 8524 6394 2166 7231 366 8571 7107
7907 1211 2137 4056 6744 9806 326 3780 7161 2955 1209 254 1975 6729 7509 5154 6190 878 6559 6866 5432 2955 8334 2712 3437 8173 9713 2651 16 6258 8482 8158 1444 1709 8677 6021 7816 142 296 2181 7921 4580 495 520 269 3218 2368 8976 9280 2846 4803 2136 4462 9802 4857 9644 7728 5585 6954 2571 4403 6194 420 6483 523 7708 3925 4485 6322 1286 4310 7429 6098 5446 1331
6399 9937 3917 2204 6780 1677 2130 6154 5205 7207 5855 9896 3013 903 6766 3368 6546 1364 1655 9622 3361 6159 9411 1471 4577 9146 1801 6338 8397 2893 2446 5502 8453 5250 8687 1451 3218 3223 9927 9233 8625 1042 6912 5490 7813 9156 5646 3749 1466 1373 9835 5750 7518 5143 9756 8272 4264 5230 6967 6336 2454 630 672 2726 931 4863 4420 6306 3183 8670 5262 9852 4508 9889 5845
1215 6552 694 484 9866 8493 909 2243 5079 1680 4305 2529 2308 9582 6917 1322 9518 5627 2303 5788 5722 8255 6885 4612 4516 7290 1772 9790 4703 5279 2312 4434 264 2494 2759 2826 4056 1401 7683 3977 2166 3487 5078 1317 2142 5515 5701 8223 5808 7839 93 8079 7587 1288 382 3310 6215 9948 24 6716 2700 4811 474 4586 7027 9342 8628 952 6483 4878 7521 148 3122 9397 9547
4953 3803 1452 3416 3489 5741 4879 2537 6215 7532 2496 3456 224 7983 6961 6258 362 7245 7682 7968 9771 749 8513 6466 5081 5263 297 3485 5584 3715 4258 9847 3534 8937 9375 5789 5478 3033 3629 684 1418 3226 6336 3677 3359 5855 1961 1398 1227 9944 8143 3481 4960 3192 4856 3242 7109 9098 3099 6505 4083 1034 4008 9514 5095 6825 4248 8272 8218 108 7570 1638 786 2661 9872
9545 4995 844 6687 7578 5651 3080 7283 7738 1901 7458 1663 4939 4062 10000 9166 525 6676 6018 9235 684 1550 4018 1210 9239 8804 8931 4274 7834 6869 9777 4490 5141 9539 1689 1877 6744 9679 105 4389 487 4942 2558 9634 8942 6729 1064 7335 2109 6353 2733 9862 9602 9466 7946 6384 5575 4718 4338 1227 758 2910 3322 1214 7757 5587 4014 513 6899 1084 2563 1734 140 2849 9106
6594 8348 8474 8330 6765 3629 7591 7492 4250 3948 3320 2100 3377 7994 9052 3625 1045 6910 3834 1639 2940 6498 5847 9291 7628 9429 1162 8550 5338 1631 2593 5928 6586 9615 362 2398 3051 9514 2263 2219 7095 2675 3159 333 7116 1201 8566 5853 7170 7770 3359 2539 1346 8927 1164 3912 5655 9779 4957 2852 8940 8590 556 6745 3417 4820 9981 3493 2584 2760 7645 6933 5941 6956 6376
4887 5416 5818 3726 5250 4646 8477 7744 6317 8991 604 8684 4293 7644 1246 7109 2107 237 4868 515 2393 75 7878 1751 8344 3994 8603 9905 1054 1096 3794 9709 6365 5149 7132 4783 5525 9722 7977 4818 8949 723 9454 518 4479 4567 563 2239 5219 3391 2226 9621 2383 9419 3923 9907 6193 7092 9223 5130 3731 9948 3215 2827 1119 6827 2763 8780 9637 3921 8578 1377 8000 9581 7257
2385 5007 4474 6449 5000 7640 7708 9779 4648 3208 2193 1644 5407 6571 7505 4536 2277 9980 3890 2950 5748 9693 4881 5722 9942 611 781 5701 6958 1822 5968 9619 1507 7573 7723 8766 6508 561 7701 1482 1062 1357 2528 8733 733 7633 9768 1298 7369 741 1055 2206 3988 6369 8437 5180 8747 125 3623 700 682 8375 4933 7326 8626 5620 7093 9700 7282 6839 607 9656 7104 2592 3157
3235 1676 8979 5910 1925 9557 384 9628 5290 8355 9770 3301 7582 7165 8354 4110 7607 5196 1310 7140 7163 7746 5448 344 1652 5679 8625 6820 3493 5163 9087 7314 6153 8812 5959 4505 1183 1261 7648 7299 9436 5462 3470 5316 8015 513 5030 2619 6351 5074 6199 4863 9395 7380 1593 3228 5603 3816 8693 184 5103 4340 5263 1338 4809 6409 6598 9018 5776 5330 4143 7871 3211 2962 9012
4628 3324 6505 4598 8141 6970 9987 9406 9965 2803 6273 956 2659 7913 9136 4986 1847 6400 1644 1202 3880 3840 533 5431 1253 3155 9316 6566 9926 3713 1575 1408 6184 9114 7226 4723 7647 8344 5519 2568 7757 8941 8646 6242 8073 7887 5676 3498 6784 2181 8210 2764 8905 1927 3410 8690 4085 8831 5374 8024 5236 842 4945 7716 5850 8541 3779 2095 3399 4410 8162 4784 1812 7550 6666
6827 8565 2423 6885 5030 8117 6650 516 4634 7948 5951 3417 9221 4632 4224 8639 1803 8942 7887 9343 5205 7167 351 3206 820 5671 2740 8519 7197 3629 7798 63 6620 8609 4936 5148 7621 3086 9831 3947 1067 7190 2532 6504 4085 4181 7542 2755 5394 3485 8377 9509 1673 9814 9977 5035 8420 7273 2903 5027 4899 4285 2598 8647 7313 9425 1716 3110 7146 9876 2401 4981 7823 9018 5309
2469 6544 7937 1687 4070 3866 4585 3619 4665 5562 9868 7355 7659 8635 7723 2483 9083 8004 7221 6096 6503 8496 904 2139 6205 6591 1309 1388 5277 1492 1936 7181 1350 9456 2415 8661 3292 1017 5342 2387 5510 5839 7345 5710 32 7237 685 9738 7590 6498 9670 8063 7211 1735 1820 3793 6147 1609 7649 9031 9934 974 8675 7853 657 3052 9563 3061 8169 8658 1939 5619 4196 7094 2833
23 45 46 67
12 43 48 74
32 66 47 73
43 45 45 45
13 6 49 74
output =2822589
5991807
675057
13401
12719515


case =5
input =100 100 7
3998 9941 1867 899 7651 654 148 7376 4462 737 7405 2438 7233 3043 8981 1356 6893 4004 631 541 4401 5815 2007 545 5881 2239 9632 3415 3375 2033 4536 1222 2555 4471 1019 2125 6516 8628 1128 6874 2506 5521 5312 3183 362 8043 5756 7114 9737 3140 4736 1916 6516 6094 4291 8679 74 6119 6661 5001 5011 1744 897 9678 562 7200 8955 367 6214 9791 8921 1861 7101 8581 6244 8727 714 1593 7278 6438 8930 5374 5974 7379 9297 1411 4433 8382 2005 7389 9557 7077 1091 5443 373 236 4278 2144 3571 9217
9707 8684 2083 9710 285 3669 1934 1347 8462 5884 6979 160 1047 5119 4350 7278 6270 9831 9070 9669 7142 1266 3638 4483 793 511 9600 4657 7638 6602 6300 3290 5418 2813 5974 8463 1998 8263 695 2753 3210 1340 7145 6352 7 1804 9036 9780 1622 8482 6304 1089 3064 1147 7941 2715 1178 1714 9295 6416 196 370 5121 5803 8272 6381 2913 3044 9392 940 5249 1694 7492 6992 9200 1273 1662 6822 8784 9339 9798 1587 2710 3929 2037 4977 2156 9095 1961 3228 5908 6766 1400 1351 5871 5776 906 7769 5318 2332
9122 7401 8887 885 2243 932 2905 2093 5869 6155 5635 6093 7474 6106 9879 7432 5093 572 1634 1364 1344 3906 9703 3502 5179 1075 9694 537 9676 1612 6985 703 8298 1055 8547 7065 2633 5028 1779 5946 2935 5071 9579 5854 9759 126 1354 8737 4423 6344 1267 3092 466 9059 6405 3370 9523 9119 3737 4684 5119 66 8416 4147 7728 2747 6214 1894 1342 2415 7003 5887 691 1576 6729 5680 6881 4895 457 3716 3111 8643 174 2874 5835 3286 3340 6435 4474 8317 8103 9397 8345 2233 5626 8081 449 3317 5368 8786
6400 5345 8064 3213 6212 9740 2126 6105 4487 544 8597 3274 8731 3200 2550 2303 7429 2654 6404 686 3044 6719 6972 1023 9207 2408 1784 9459 9657 7222 9961 337 561 9465 4713 4508 4006 3772 3529 4575 8818 3740 6069 5954 7391 2653 4009 3879 4156 208 2004 4492 5047 8246 8224 8947 1944 9145 9941 4765 9994 332 4575 1075 742 5392 3508 8793 2987 2883 1875 6899 1953 1976 8705 3253 6972 4258 8223 5051 7551 7656 7026 6564 7013 3477 1017 1336 8006 5998 6123 6002 8944 1449 8084 6024 332 7125 2806 130
8196 1246 2472 801 8728 55 1266 365 1498 5860 1915 3534 1791 9493 188 471 6776 9298 4426 7888 5586 1848 6756 4840 2302 4101 625 3585 3291 3169 6477 7529 1605 808 6499 54 6128 9831 585 123 2440 2259 4947 511 4546 1312 9473 1217 2752 2677 7323 3498 8905 4290 1171 2566 5829 2840 5980 2127 1745 908 7718 7874 7355 5078 1824 8304 9699 3359 324 412 7983 4304 8030 3761 8424 3940 4889 5527 4756 5490 8898 9582 1527 3659 7267 9902 9025 9257 8059 3436 5548 5208 1384 7332 1375 462 2982 6409
4486 1465 4547 29 2632 5260 4642 7029 4324 9039 7834 3076 7931 6477 5362 8455 9232 633 1998 6395 3714 6830 9722 874 7178 7675 1352 3283 1194 2553 5910 4214 8211 4959 5886 932 7922 4880 4658 846 5461 4004 5266 336 4966 4999 2560 5588 3625 7971 572 5844 7550 3179 4568 5270 2459 2653 858 521 8534 7505 8339 3944 1150 4581 6317 5271 4681 3235 6068 7137 9150 6718 161 4864 9408 4739 2480 6588 5280 6858 9204 8904 8162 9471 2900 4325 4052 6462 8440 4774 8807 2019 9190 7421 6809 5970 5808 5973
8539 8292 2786 8378 4138 8422 1399 5028 9577 6697 6278 4813 7332 3762 7148 4291 5253 9387 8357 6920 440 7732 9816 1001 8656 3705 1559 8079 6643 298 2800 3091 6851 2788 375 2635 7449 1419 57 9922 8945 1898 5248 1004 4036 8724 4939 7944 7002 9249 927 4638 8136 429 9512 8075 9214 1979 5369 3606 5670 4440 877 5396 1902 628 4186 258 8417 9107 6104 6049 6222 2066 4376 1825 4659 1383 3355 4716 9394 1952 2304 6433 7298 4508 4948 5631 9586 3255 8764 7134 2715 3753 8867 7489 403 1231 3043 9120
8324 9900 4280 1128 4796 7389 5379 5237 6426 7319 9444 127 4601 8175 3534 233 3481 1433 3618 9020 3851 8127 1266 131 4105 2512 1901 3208 8399 7030 9818 5039 8165 2393 487 2230 159 2603 701 506 8227 9795 744 7839 9013 3960 9630 8156 3462 3294 3247 5562 778 232 1865 461 3803 2332 3433 484 8372 4771 7536 5738 914 4745 8015 2454 6400 392 594 9248 7578 462 9376 9586 4685 5521 5149 960 5431 4745 326 9048 1817 6830 3501 6850 3743 1024 7025 4450 2407 4105 5255 2880 9073 4224 6825 6564
6826 1567 7194 880 1574 5487 6777 9377 6702 1906 1309 8586 5237 7360 7231 6859 2405 669 4010 7405 7225 2211 2587 5276 749 9411 777 846 646 1227 9202 36 2742 7602 4154 8290 3745 9529 6248 308 6200 3610 8713 3239 9229 8999 9680 5886 2557 2379 5096 7468 931 3480 7499 4190 8061 3043 8659 841 6696 554 530 9497 5205 2398 64 9111 5905 9706 5437 1509 463 844 1776 5408 5270 8750 7893 2457 6478 323 5794 3805 2644 1805 8370 6059 8627 443 8506 9155 1944 8369 1484 3985 5687 1884 7691 4242
5839 3251 1979 3634 5379 9218 6 9306 7469 4028 6316 4493 5391 6317 2942 7155 3172 161 2213 7977 296 7864 3345 7319 580 9960 375 1540 4307 2511 7662 1567 6503 2814 4245 8734 5073 5517 3224 6738 3503 9204 8074 193 809 8551 4339 2641 1944 8068 185 7865 667 8796 4235 976 9109 9749 6798 8011 4211 915 3573 4492 8538 1599 7050 1896 3904 1750 8037 9069 9965 6731 7580 6848 1319 7290 1600 7887 3218 5513 3707 2015 4733 4021 4593 3422 2793 8368 9946 870 7381 6372 3522 1433 4727 9696 1553 9846
5179 3374 4803 7251 2184 9997 47 8833 3421 718 5513 9485 8775 8121 8186 8831 3430 3309 2786 8809 816 7076 968 3189 2235 7402 8478 3974 3933 870 1348 8696 3231 1688 1251 954 592 2318 9814 2146 4025 4602 3498 6830 2849 260 8536 5470 129 3115 8603 1291 3180 2175 5821 1559 8812 9048 4638 2322 5199 2238 9710 7353 4887 9982 4278 3810 9643 7661 7839 1940 7676 2149 1639 3636 3893 7970 322 9629 8727 8225 2655 5066 5230 4261 3421 5 987 9265 3722 2189 3063 9098 7598 5649 3493 249 2107 7931
4284 6966 5257 4998 1821 3884 8067 1490 7716 8608 3659 5939 3187 4932 7332 7626 6909 4881 3334 1924 9940 4900 7828 702 4336 7404 3626 6982 7534 7305 453 5914 9401 5684 904 4245 2601 2872 9040 1869 6360 3095 2304 2696 9526 9298 4504 3611 1292 4357 5675 2293 905 8898 5980 7317 3873 4122 8595 403 157 6022 4467 9375 1715 5566 6426 5128 3470 2871 3395 410 5936 9710 8410 7222 4355 6945 4758 7411 8614 9653 9224 5095 7768 7684 8714 4819 971 3604 9804 8745 6003 4022 913 5575 7056 2945 479 3778
6644 6873 5619 4126 498 5512 9702 6237 1638 1080 2857 8796 3853 1996 958 5591 3893 5003 2041 468 902 741 1395 3792 6013 2861 7220 1324 4307 2796 4206 6540 5191 9629 5541 4348 9120 1279 2107 4543 4837 2309 2719 2742 1432 8548 1210 8994 8960 5620 6121 4538 3500 3998 6707 3118 5675 6014 6902 3576 5332 6196 8693 2142 8021 5601 4165 2500 1276 5407 9428 6089 5986 4291 2002 9198 9395 1019 7574 1502 1057 3248 7471 4500 9295 450 3606 2368 4642 8913 3165 9305 7352 9616 7237 1627 7688 6602 3748 294
4650 4708 1041 5905 7399 7119 978 7442 2001 9642 2828 3926 978 8927 7147 4649 3149 2896 2571 5624 4526 4223 691 2290 5139 2243 757 8759 8101 7265 7418 8252 5195 5186 5775 65 9606 9021 3899 9631 5986 2837 3690 6783 4095 8869 7532 9718 3299 2403 7493 7709 2961 2622 8460 1346 3438 4171 9417 5197 7452 9390 3476 9726 2879 2627 6740 7551 631 3129 6277 8527 1843 5766 6633 7158 5951 2444 1935 9805 6706 1586 7622 3378 2118 8445 9002 8000 1465 9566 6402 7385 2667 2526 5984 8288 4639 1835 2137 4869
8303 3738 8503 9696 619 2652 7742 822 5244 2510 9761 8271 213 7503 2527 6781 4623 5405 2153 1666 1598 7722 3691 1476 2283 6630 9073 2856 7508 4647 7956 1395 2391 1470 9774 912 5642 517 3619 6049 789 9434 8707 2293 5702 2026 8103 1582 6414 2710 3452 8912 5298 9316 5367 9864 9381 3333 7787 512 7515 5160 3062 327 7997 9558 5626 5980 9850 9108 1848 1200 7571 3863 7097 5432 7298 5314 2959 3724 4123 2086 9899 9989 594 1019 9959 3098 9179 1401 2544 299 2836 9004 7351 753 2656 4928 4183 480
3784 8130 1710 8553 5306 849 4354 4215 5123 6478 1387 1493 3683 5449 6510 1381 1092 567 1987 911 6333 6704 3537 7948 3745 5635 4989 663 2282 4208 3618 7402 8446 8802 2317 9410 7021 3354 1016 789 5346 21 7449 1801 7039 9267 7768 2685 9931 4975 72 9062 3497 2577 7224 2712 4722 4838 7692 759 4536 9233 5129 3364 6027 8516 1083 949 1631 8911 497 332 531 5904 3805 362 1805 3025 6672 4317 806 7088 3488 7443 6495 6048 2960 5833 6540 866 2121 1120 90 1193 4452 3201 39 4525 9345 5090
1570 6032 9931 432 14 1334 2659 3813 2969 1871 1717 7587 6841 8506 2434 3292 7291 3855 9910 7731 3582 5042 8097 68 9301 4851 2785 2317 7076 8302 4540 5894 6084 807 5453 3340 3722 4511 4700 8154 6743 4686 2480 7734 554 4880 4559 6159 7758 4478 1478 9168 9399 6681 1500 1720 454 6084 258 4156 1213 8925 8392 7588 1174 1028 8161 3460 7498 8994 9143 64 6511 1057 3 1251 7222 8167 9305 1805 7985 7033 8333 1427 3478 8004 1457 9266 9712 3014 2002 9891 6477 9578 8285 8819 7694 1078 5940 9403
8402 1812 1991 888 5340 6998 2053 401 2167 6852 8097 3339 5960 5283 3030 3167 7432 8021 4417 9716 9628 4330 3686 9705 2314 4664 689 7928 3806 6505 4118 5451 5952 4774 6473 9360 7092 8093 1898 9650 6610 5861 8136 8686 5492 8429 3499 4292 7052 5798 8068 338 2749 178 3390 9468 3158 5363 6235 8063 3669 5784 4063 916 5917 4025 3499 7037 5043 1705 5677 4763 3343 787 7823 7536 8483 6051 8753 1008 7405 10000 3788 152 9084 4834 5846 146 3700 948 5139 8407 5075 3224 9194 5965 5024 8054 3754 8087
9901 4935 6383 8431 223 6507 4696 7550 7565 2802 4765 9988 8377 1642 5467 2006 1034 9166 6578 9264 9301 8937 9917 6660 343 7661 627 6957 3786 7156 9026 7847 8464 1230 4188 8353 1360 3741 8882 3263 7711 2276 1744 9411 6862 7364 8430 8230 6337 6966 7679 102 8341 9555 539 9461 9409 6817 7572 3636 126 7869 476 2022 286 3699 358 8604 1787 945 5850 7884 666 7640 2263 4735 3022 4676 4105 8813 2252 5569 7696 102 4929 3444 2272 7870 3042 641 3962 6237 9788 8588 1574 6114 2297 815 8576 9664
2829 862 3624 9589 9248 192 9264 9951 91 7694 3695 1698 4307 2121 4357 6741 7779 1979 4158 3694 6090 2854 1412 4930 1327 1626 5795 970 6706 3441 1931 5948 2408 7831 1645 6700 291 1605 2640 8062 5022 4752 6286 4269 3364 6649 6962 4272 2674 2782 5742 4171 8614 1556 2543 4901 8432 7072 3880 6464 9287 5995 4015 2631 6131 4343 4752 4358 6766 1686 7563 9511 9794 8286 9086 6711 8661 9667 5520 7263 9644 6210 3045 8859 6992 8390 3366 2829 2697 3128 2061 451 7433 4932 198 7880 3454 4292 9877 9401
3295 4081 9815 6269 9114 7406 6295 8179 3839 9432 518 6280 5328 6643 178 4483 4105 2835 7281 7459 1167 6214 8 7212 2946 8647 6456 2506 4754 3900 2431 4321 1813 689 7869 4116 7600 1918 5430 8607 9896 2045 4488 4545 7218 4483 1463 352 8437 7150 6381 2603 5901 4168 5490 1637 1292 1162 9740 6779 6254 3231 9551 3494 5942 5626 244 5766 7490 1443 9363 1992 502 8000 4257 6544 7415 6820 105 8761 8356 4096 4005 1586 8507 832 6567 1394 6686 2471 3038 459 2904 9833 564 4318 7027 7405 4646 6062
1809 1957 5464 1769 3535 4943 6249 5176 3076 9789 2488 8022 8056 629 4882 3793 9674 3802 716 6865 3667 707 4232 402 2704 4882 6046 4846 8079 4410 1440 4444 929 4261 8706 9296 8832 457 2765 2218 2668 716 1448 6962 2273 5703 8685 6404 7625 4775 9475 524 6042 7425 1437 5636 4678 4219 6471 7380 8696 6241 5341 2023 7242 8524 3202 8637 5503 5283 5755 270 1070 7199 3859 5030 334 4183 7653 9778 9049 895 7300 5073 4175 512 2432 4692 5682 949 6994 7787 7841 6518 3680 8667 3776 1390 2209 8478
6647 914 2294 2556 2680 7249 8225 1697 2050 5202 1591 2590 9720 4219 9749 762 1705 1935 8862 2372 6852 3038 2227 2670 8280 7433 1577 577 5778 345 868 4335 8030 5434 750 8774 9606 3553 7935 9456 2864 1745 431 4660 5729 7913 7244 2717 9724 8781 6187 2915 1775 883 3201 6518 3457 5421 602 380 5350 2933 6232 907 7107 8223 2188 1199 7689 5684 7368 2826 1772 3969 644 2622 6272 6896 2012 3473 1210 5195 4867 8863 2604 4255 7357 6632 4259 2274 2315 4966 8160 8250 2401 2184 4207 2567 6332 1807
5256 6019 6456 7176 5725 7084 614 1285 5713 7297 3599 1289 2744 8987 2256 9904 8601 69 9207 5596 4937 9676 3348 9846 6777 3256 9265 8558 707 5370 8121 5193 9450 2117 124 4932 8114 4553 2197 7295 1444 595 2112 5222 6196 642 1768 4390 9290 7283 9043 2878 8046 3232 5056 6452 2364 7006 5567 3754 5362 1554 3345 9021 4952 2513 8180 6854 4326 3229 9684 4783 9101 7087 7486 425 391 3722 7182 1448 2806 9599 3326 9686 3372 2410 420 6672 7435 2322 1524 935 2617 273 9469 908 4547 2426 5864 6509
8811 1058 303 7931 8250 3253 8877 5377 8910 881 7082 9618 7085 2602 7402 6257 9301 5183 5648 3478 5751 8897 9634 8083 5694 4820 7848 3418 2661 2638 8819 9862 2288 6391 1692 181 5209 7731 3286 5508 8173 2724 7825 4257 875 3081 8441 2779 2721 5788 9826 9129 991 6501 4020 2417 670 9179 1623 8258 1925 1980 6541 3839 6061 9841 8461 8864 6536 9891 7564 3021 928 3601 7918 1393 2334 3264 1029 1711 7740 5747 8252 1450 278 6069 8640 4777 7144 4152 7711 4807 8999 9667 8093 4797 1226 9138 7141 1872
9898 4935 6572 5580 5239 7175 7947 872 2442 3566 6926 5548 1380 5584 2101 6469 6500 5853 9899 3109 7511 9964 5313 1896 5841 6020 7187 3693 4986 2485 2208 7870 2249 2912 6858 4203 3685 7419 5920 6193 9914 8628 6854 4574 7577 9702 2678 3140 9703 5339 974 7893 5119 9410 9759 5476 8074 8963 2437 1319 4474 7218 542 1246 9106 7070 6852 4843 1978 3239 5933 4339 4774 2498 1955 7235 6294 8484 3510 619 7865 4560 4962 1690 596 2212 936 5449 2498 5723 6787 7075 1415 6142 6002 1891 4833 2821 9760 887
1957 5302 3931 8407 8612 8076 5850 4725 2580 1305 507 2321 8799 8416 1107 6039 1870 7649 4394 4989 6908 4775 5566 1430 7740 6753 6014 9005 1612 1178 7380 9983 6908 3359 2133 1733 3844 7426 2775 6799 3905 9202 9248 8842 3543 5162 7361 4725 9199 6229 6363 9081 339 6306 7009 8864 742 7132 3649 2793 1581 6349 9293 7031 6276 1226 1543 5805 649 4538 8491 2917 5117 6968 4775 7779 2340 3565 4341 2332 1519 2642 3346 6514 3703 8590 740 1026 9224 2248 6694 444 6677 7683 3066 1187 7435 1876 1494 6235
6102 808 9329 8904 5012 7905 9021 5442 2253 8924 5006 5429 6065 4554 9690 9419 3740 3375 4188 6495 2947 4042 5902 6281 6144 1255 579 1341 7219 3221 6306 1562 8724 1147 8221 8809 3521 9186 3629 6287 3750 881 8877 7903 3862 2001 7793 2089 1108 8259 3233 4145 7888 8847 8619 2940 6751 5325 9880 1303 2847 6029 781 6133 2282 7307 4912 5469 7241 5747 8758 5079 9735 1594 4446 9575 5092 1820 1740 1041 7204 574 5595 2742 8953 4133 5463 2267 3436 4474 664 4555 1881 3611 18 1049 8584 864 2630 4858
6447 3000 6317 7182 2645 4116 5228 4098 2177 4648 872 1932 2596 4035 5858 3589 396 8775 8249 9293 3032 5249 5508 1282 1628 6780 6321 5442 204 7469 8070 3562 6693 1554 4336 7446 1842 4125 5222 6963 6265 7729 9653 7017 608 9849 4832 5194 8487 8544 9714 5206 4632 2908 6973 7927 8112 2615 8078 7016 6965 4745 2599 1187 1077 6985 1970 4327 6707 3264 3083 5545 7196 3978 7715 3240 3700 9819 472 7859 5051 5334 3256 1663 7811 7666 7388 6344 2935 1035 481 6785 7747 5220 3474 8286 8527 6257 9753 7931
5183 7714 6477 7608 8623 9672 1485 9854 2860 7229 5222 736 3623 2861 5268 425 2130 4123 668 6668 4198 2034 9026 5144 4989 1154 8394 3928 9136 5893 6986 1039 8270 5817 3661 9782 6185 1330 9489 4440 4447 4937 9785 336 7644 8056 9454 8443 3584 8530 6659 3454 2886 9812 798 5357 7270 52 616 6913 5853 5986 987 5386 2471 8070 9045 4975 1941 743 6525 3918 1734 953 3487 8502 7080 1434 8007 3170 8324 348 2956 7510 2673 6105 9015 5928 5868 3810 6254 5736 3200 8585 9844 6562 5526 1734 2734 4387
6312 1914 1909 8084 7283 8502 2649 6762 8962 8493 9767 879 1801 4912 9739 6615 2798 2519 3043 453 463 3313 5130 8642 8206 8098 9188 5737 6531 912 8380 4623 7024 8939 4511 9487 8004 3843 3884 3512 5742 6883 2147 7494 435 1637 5280 9384 7378 5582 2214 3491 2342 2136 5240 9127 3336 2766 7018 2007 6607 6479 5771 7956 7305 6703 3533 7433 115 1777 2841 9378 3614 4154 9940 3360 9800 1358 495 1278 3513 3388 5620 9324 5014 6355 6206 6316 2240 7983 7632 4543 5400 6910 1385 4244 378 4295 3389 41
6872 3860 8369 8098 7791 6067 3723 6366 8511 5918 2193 472 2873 4142 6921 6803 3913 546 6546 6147 7419 1598 8175 3021 5281 8319 7412 5705 258 1746 6640 4875 466 2146 1229 3455 9802 544 386 4671 9172 2598 7174 6724 4464 9536 6579 591 9300 6005 1279 1477 9952 6962 4353 6061 9012 5427 5373 9446 2819 4479 2605 5926 4843 403 8588 885 7651 4926 1500 7056 2271 5546 5773 4453 2883 196 3362 7475 801 9634 1229 7012 3838 9982 3722 3928 5453 6355 5809 396 6719 8686 4674 3011 4041 6939 2122 7340
9923 416 821 4222 7851 5554 2703 2770 3534 846 7940 4707 2837 4814 8772 5863 1842 4863 4046 4941 8558 8643 909 8917 9162 6991 6433 1436 37 1544 5691 5093 1702 247 6520 7181 9873 529 2313 6162 2536 5317 7205 1842 2574 4872 1293 9645 827 6275 5794 6492 5407 3192 9375 1191 411 1643 495 4052 4605 9061 7339 7977 7363 2038 6426 3907 7534 3480 6062 5416 4388 3248 566 3099 8417 1919 498 7903 369 8234 4061 9995 5499 8540 9830 9876 4430 6494 8609 5715 6560 5041 7118 569 3731 5232 5908 281
1486 1027 580 2357 3667 8859 2047 3427 6532 5462 8054 6388 6549 1747 4652 2206 8789 4157 1217 4181 3220 2786 5655 9237 314 2872 6680 6524 2431 400 7579 360 1705 8118 8103 6334 9253 6352 4058 4659 4550 2625 4386 889 8102 9583 9954 452 8924 7338 2264 9454 2059 7935 4711 2575 9603 609 2690 982 6934 1874 712 7841 4325 6168 3626 204 9900 9886 9011 1900 1207 1591 7738 1832 3306 9091 7064 2007 8287 1805 2847 510 1514 5091 1723 3535 3733 6461 884 9216 1104 1620 640 9520 1003 4786 1253 1785
2278 2401 1913 8412 8959 9499 2283 7248 1057 4229 8322 9551 6748 4196 3533 5467 9052 6198 620 3650 7876 3415 310 8265 2030 5704 5893 4344 9211 4508 3227 3071 6097 3735 7207 7957 6262 8112 3927 5950 30 4164 9437 6099 9948 982 1239 8268 7417 3942 6571 4718 9870 790 2295 7550 9487 4851 7885 9245 1894 3690 4899 6600 5925 6147 8919 5101 2056 9050 641 5926 879 145 8647 847 8734 5343 6926 9748 2357 1563 1530 655 3327 2175 7681 2255 4137 6227 8373 6878 7076 365 1647 8710 9690 8798 4595 4277
2523 4368 3401 4399 1079 6747 7039 5031 5257 8580 2948 1920 8388 994 5016 7890 5362 2399 2949 8485 9115 5550 5692 5568 6213 2808 7266 1226 3414 1172 549 9234 2020 8127 7418 2811 9902 8740 5758 9691 925 1271 9113 3636 1442 1966 2579 6431 216 3690 1838 3046 8448 6260 3793 2036 3492 8201 809 2280 3496 4770 5240 5833 6654 300 8851 1847 8744 2900 4980 3066 1393 2429 2486 5831 1981 6116 6961 2763 6696 569 8877 9671 9089 5280 2990 7074 287 7477 7055 6227 6872 9408 3075 6679 6654 8024 7386 5726
5083 7018 8604 5132 440 7550 1051 6930 1221 8078 6974 2069 523 1018 7429 4320 9065 4578 1153 1304 3967 2750 6495 9996 8677 8980 1230 2133 9478 4519 4197 3717 4850 176 3597 2210 9707 5778 4799 1668 1116 2052 2783 1981 5109 51 3367 1501 7522 291 8073 9524 9045 902 3355 2774 5486 3060 5958 3302 6120 2915 9956 7523 6931 624 230 8581 6860 8823 1147 7762 3735 7782 851 9958 6885 7893 7567 2058 6254 697 2183 4285 9641 5813 5270 3738 9045 8888 1053 2523 9429 7015 573 6183 5846 9501 4088 6870
6842 4715 6222 4398 1278 2981 5662 3958 9004 491 6062 7603 4578 5806 9799 9553 7536 3021 6845 8849 3856 4568 5092 2885 439 3333 5645 14 250 8272 5973 1717 3247 2907 5096 3849 4185 6017 610 4243 3040 8262 5087 7484 4181 3667 9633 9519 6000 2606 8334 4952 1304 5530 6145 3087 5935 2738 406 2798 7028 6590 9317 9276 302 2451 9009 7559 7116 9467 4727 9055 1993 5227 6595 1180 7106 2124 5574 9885 8919 3672 4226 7840 412 9465 2490 5862 4736 6934 3928 5515 6105 3552 2495 9750 4660 2613 7396 9996
5337 1421 2715 2287 7971 4512 988 7900 7713 828 2419 7907 4873 7383 8224 8105 4189 360 9320 5689 8574 2922 3082 8663 9043 3852 8631 434 4883 1178 1144 6542 3584 3261 3667 965 7768 378 7966 7843 7923 7859 3056 1278 359 4710 5591 1937 6295 8365 2068 5162 6 3810 9010 4190 4902 1298 1188 1193 6507 9660 3736 8485 8659 5602 6686 6285 238 8894 2979 8334 8362 7314 9614 330 3058 8051 8996 4363 5262 7942 3597 8878 8005 7733 386 2226 9129 4328 3037 7947 8976 369 4960 6065 6469 3990 9943 352
334 9275 1258 1736 6077 3195 5728 9100 534 8236 5349 2817 1711 8369 9391 3482 8009 4697 5339 5228 9967 7805 3198 5752 6362 7406 1323 4971 8187 4762 7650 2343 1657 2638 4129 1711 3543 3379 4734 3589 2589 190 1672 8203 7338 5861 3835 1152 6256 1869 8493 8740 5617 9764 2716 727 5575 1444 5498 5955 9390 8489 9550 4262 4136 7801 8186 4248 1783 9372 2268 8456 5711 9482 960 1201 1205 9091 4942 3747 9090 8371 7639 576 5028 995 8204 6640 501 9520 988 8142 69 9311 5294 7719 6418 7582 2497 4486
7535 1224 4848 9494 5735 8315 3542 1397 779 8423 6116 571 3921 4965 1191 8004 4030 349 7211 2071 180 8131 2754 5150 589 1557 6547 5468 6369 6528 2505 6231 5525 6256 2386 3114 4650 5884 2906 5113 8240 6473 7291 7478 5384 4510 5837 4727 8364 9253 8305 833 5469 9100 7693 1986 3432 6133 3214 1103 4465 6542 2369 3633 2168 7833 5302 8553 3034 5474 7838 7492 4460 4859 7824 8049 436 1854 8594 2342 1871 9245 2919 477 7124 7597 2330 6446 4890 2953 6054 295 3626 7938 2404 6685 2847 892 1211 5823
788 7030 5510 9221 5282 7832 6636 5282 6695 5578 7798 5899 896 4916 6914 6328 1928 4305 6259 4825 7618 3828 1445 8947 5848 2508 4084 2958 2063 4880 569 1260 4198 4099 3097 5566 3124 7598 4419 8761 1301 4975 3530 1085 3268 9416 9808 7274 3755 3621 2768 5171 5566 2036 6837 6876 3641 7293 1476 395 1723 3597 1425 7526 1148 5303 5248 322 6415 224 3282 1374 6724 7604 5048 2232 4376 5257 7547 6034 5837 1687 2611 4422 6862 7980 126 2813 3152 5694 7749 8369 3907 9654 211 4267 8787 4647 8003 2138
6150 6144 3125 1428 9349 8692 9136 3858 2375 2350 3133 9369 8407 7433 8733 510 5618 4575 7942 4971 7558 7891 3612 9386 2772 6561 8673 6286 8068 6504 3586 5632 8854 530 5327 2680 2523 8717 3129 7844 1079 4793 9469 1877 6857 1672 7889 8780 7855 4185 2788 9463 5740 3799 3179 9372 1934 7050 6533 710 783 1016 1972 7900 699 6337 8160 8652 6351 1783 9519 1363 8076 6711 9308 8984 5322 7849 1581 9548 1145 3580 9585 9206 7851 2365 7293 7383 5555 6897 6532 3742 3080 5774 1283 7133 4436 8068 4095 275
8767 2322 3150 166 6764 4415 3738 9935 6482 5223 1761 5636 181 5771 2130 7692 7240 1550 4781 8886 910 6754 2615 7381 6099 81 5897 645 5722 3424 812 8449 9422 5118 4261 7840 1425 613 4610 9997 1514 8133 105 6526 7640 2290 381 2905 9545 3246 3022 6161 2953 5318 4638 5696 97 7485 309 2221 4506 679 6057 802 4681 7946 9263 9976 8310 9814 1232 4446 2034 5268 3764 444 5579 3087 6462 685 7226 4034 2179 1377 9033 408 4941 9440 2590 7023 2863 1791 8802 2408 8550 2995 5526 2883 5562 5915
1014 9573 8899 8390 8318 4119 1185 1215 6251 6562 6502 4021 6779 9287 9430 4989 5489 7352 6635 6356 35 1044 6885 6903 7132 8974 9718 54 5712 9538 8567 6420 4060 6993 2015 8724 8744 7813 5730 3464 2787 7571 4940 2979 6473 133 7443 3528 7539 1225 8475 9206 8795 1067 5367 4796 7919 7937 5462 3278 2448 775 776 6317 5935 409 3889 5515 2392 1138 6101 253 8295 2312 793 522 5104 3938 7655 5069 9564 4471 6000 7575 7608 8809 7958 6164 8069 2234 4975 1778 539 5334 3929 7783 6169 9505 7016 3602
3606 1635 3919 1223 3415 3942 7317 3970 8139 3464 5991 171 5984 6289 6704 5872 4389 5162 2265 2417 8749 4036 2005 3821 5951 3652 9306 633 3427 775 8078 4400 7974 3619 9109 3580 1134 9208 7426 6048 1561 6113 7665 172 662 6997 815 5393 4178 4801 3849 5091 9557 6144 1502 6889 8316 3660 6441 3545 6263 2492 282 2799 6919 9142 6198 2331 3895 1766 1981 2680 2232 8778 515 3550 4890 3156 6072 6357 6521 4200 1697 9507 5027 7244 4377 6691 822 3941 2569 9450 2872 5681 2007 3405 3478 2150 1619 6599
8628 1399 2096 5405 1387 1837 6733 8277 5287 9396 8150 3360 2969 7048 7920 8032 7162 2165 2722 542 593 1776 7339 2445 2283 7281 8160 3695 3117 923 9169 980 5125 4986 2815 1757 8519 1759 8131 7335 2160 8795 3783 1537 5445 5338 3950 8555 1847 3156 2046 9837 1486 2130 4512 1840 6627 8017 3089 5478 7984 463 4992 242 5216 825 6174 8637 9660 9930 841 3696 9849 8306 8887 2886 7057 6500 3669 5747 7358 136 6609 5670 4030 7582 8258 7196 4991 1065 887 3682 7821 3524 8250 8459 8792 1142 9413 6853
7990 9036 1905 205 8101 3787 8478 4562 3204 7636 5754 1520 6332 5060 7816 7301 1600 9447 9209 1590 8665 7277 4757 789 9617 1263 2663 9618 3081 9884 686 4253 3040 9587 295 8880 7473 7647 6877 7597 1398 8538 7463 9727 4887 5558 1490 119 9559 9693 2989 6914 488 9060 4356 4201 8823 7350 2255 1148 7193 1624 8036 6647 3715 2425 5088 5224 791 6013 3016 5630 8326 7200 4673 4163 6776 8926 8865 9617 6995 3442 877 988 4322 4849 6121 7207 2087 4141 9249 1078 6526 2847 4578 4864 7599 3723 9366 1136
2509 139 8036 5556 3278 8896 2607 4262 6089 706 9813 2082 3877 4751 3752 6813 9494 5458 5000 2206 3865 8274 5252 3905 3465 1549 2634 1806 6793 3080 8766 8239 6561 2786 5118 640 114 194 4962 8030 6895 607 6698 5879 5248 2127 5151 7929 9858 2404 5299 9407 8771 5266 9041 7075 7812 3886 7353 2455 7696 7882 9218 2352 2985 4886 7523 2553 2025 6548 9290 7632 6701 9264 570 5659 3240 4589 4914 6911 341 5490 3575 3703 4728 4338 1299 469 7163 1977 8586 1995 5951 7075 1800 3306 3004 478 7179 6234
7573 8941 2386 5996 4813 6675 7195 920 6490 9348 7457 4976 4754 2523 1746 5345 1337 3999 2421 5727 2024 9632 2499 5860 2733 4922 5491 1483 9952 2884 4593 874 4151 2031 765 9787 6151 7511 9575 7712 1200 2589 3506 5683 2957 3767 3657 3341 3223 201 2362 1494 2530 4828 7306 8290 7647 5337 2775 757 2414 1703 8068 8964 7450 3704 2101 7535 4243 9763 3086 5451 8799 5152 9277 7184 8816 1628 4217 9361 7476 3399 7004 102 8179 9530 8501 8458 9415 2439 3945 7801 2156 7190 5492 2446 6259 514 5069 4745
3618 6692 2874 1319 1445 9883 9550 6511 1969 3166 4257 2524 7408 4008 7817 8454 8688 4603 6756 8057 3910 5690 4045 8024 4226 5647 3767 8921 4470 2469 9085 2810 8475 2301 1953 4344 7644 6643 2299 4834 9784 5343 9812 5647 2499 3633 2080 4931 2982 8899 7472 9742 1142 3652 4143 5308 3006 7577 6024 4411 3200 4375 9638 1150 649 7488 700 8145 1353 2043 8159 1589 7963 8119 5721 8905 8330 4616 150 4910 9999 4271 8192 400 9043 6404 3438 1545 9510 1333 4939 2031 2885 3843 7591 5557 3558 1179 5772 1260
1357 4266 4831 9237 9963 5627 6376 6625 7643 1718 2859 3621 6929 5010 2566 8691 2635 6743 9018 7562 3077 1241 1917 1294 8542 8275 1467 2628 3878 2065 9754 1681 7999 8113 9198 4894 4103 2009 9430 2756 8262 7374 9872 274 3863 3850 3071 9567 9371 588 291 8392 8047 7307 3756 187 1406 4387 6417 2318 7038 5785 8477 103 1195 8584 1935 787 5944 1186 7582 468 6585 1089 9651 6037 305 5019 3634 703 4254 2349 1572 4621 387 2396 5949 7029 1090 6675 9152 8503 5805 8829 7776 1700 7222 287 3334 1759
4336 6719 2520 8863 5073 2558 7807 442 7920 1973 5904 5798 5757 1089 1638 6912 9602 6440 6504 6076 1695 6760 8052 699 3985 429 5032 6394 2726 9106 4690 594 9666 9405 1972 9749 5764 9752 9802 3818 8665 8310 3227 3526 4784 6832 7625 7980 4117 5211 3921 4743 5530 1739 7279 5533 3850 4315 8117 8735 2958 1562 9527 2546 7585 2872 6821 6523 5736 6675 4147 6571 1245 1906 7200 9973 4211 1290 8740 9608 9173 5185 2092 9321 1259 9243 387 8512 9825 5437 2216 8886 2317 642 9764 8299 2008 7553 2455 8737
8888 5745 5805 1566 5256 7133 92 9955 307 5749 2007 3917 2884 1151 7324 8997 8421 6041 338 6451 39 8918 4548 807 7361 2794 6778 4395 4800 9539 4402 4983 3484 8287 941 7650 8311 701 4868 3685 7429 1071 1317 6648 8264 9035 8555 3350 2634 4939 9174 5075 9978 5332 6035 3285 8572 7474 1659 7294 648 1179 5124 7266 6090 561 1997 4340 3933 9239 8548 4444 3929 1791 7539 1125 1190 8450 366 7777 4033 3520 7430 789 5276 7751 4415 8986 3038 907 7276 9714 2396 8516 7712 6343 7802 932 6289 8185
3429 7091 4703 8930 9722 424 815 3696 2121 7878 1438 5562 4950 5900 638 4803 9228 6073 42 6062 1815 9469 5878 697 3726 1646 7717 5008 6618 2341 5751 7174 587 9337 833 2812 4824 1922 3504 9279 4239 2421 1946 1535 7994 9762 3454 7707 1995 8076 9989 2245 3650 1577 7628 2108 1100 817 6252 5125 2268 8529 7315 2141 6339 7618 8441 5979 1128 844 9705 9144 4542 6972 1706 1984 4772 6296 6192 2480 7962 3429 4535 5093 8556 5528 8908 1307 968 9371 4663 9832 4790 3471 6098 4008 8259 8760 6470 8861
2612 4672 9905 528 4879 4758 848 7126 2179 7615 2753 7824 9621 739 7371 7389 9084 5292 5496 1773 4771 5064 1169 2519 5203 8948 7629 8441 3835 7256 1819 7697 191 6288 5124 4853 5798 165 8108 8794 6640 5651 8281 3582 2249 8227 7332 8826 7112 7664 8581 7030 2652 2892 9837 3014 553 7295 6530 6261 4691 5550 8684 126 2032 5162 3719 2628 4077 3031 5421 3377 499 6793 301 3664 1083 4737 2025 7437 1989 9988 3603 5465 7130 6524 8691 9404 6608 7126 3309 5168 1116 9813 3838 8817 9597 8360 115 9176
997 4468 8924 4319 4059 9651 7651 6367 3551 6385 5803 9804 5277 3945 667 8249 9634 6350 7473 2890 1271 2124 293 6024 620 2320 2051 9171 3718 9561 5020 8883 3272 2926 4542 2684 6669 8154 8620 2190 9974 7684 5511 6147 6077 5175 5340 1838 6278 8157 4495 1826 8163 7909 2135 1061 4617 8959 9892 6443 899 8943 3273 8969 4716 9795 5202 862 3190 4201 3237 9602 4552 8872 2048 3390 7192 2141 6500 5837 6130 5860 6719 5131 9308 3253 7396 9101 7803 7430 3835 8636 9538 7411 614 9953 8137 1960 1876 3429
5893 2035 362 2728 1019 9578 824 5600 7711 9829 2554 8577 9622 4685 6565 4028 9398 5292 796 2949 6740 4081 5332 3069 7945 9766 4959 8836 9677 23 1300 7991 142 4257 6274 8430 7522 9300 9087 5709 3005 6143 8115 2546 7625 1299 6038 6490 1746 4159 9530 6817 7800 1248 4865 2009 7144 5802 9322 7278 4663 8320 7278 1498 407 513 9545 1202 860 5987 9908 3731 1044 3042 784 5291 9368 3467 1270 4051 5269 2333 8588 1965 5316 4164 9727 7676 3944 7318 6560 4081 6858 9984 2075 9035 9601 470 9539 5980
6614 6919 1870 8077 4032 3012 1726 6673 3242 7235 419 4891 9740 9530 6911 4817 360 2739 4331 7702 2548 1218 2726 5691 864 9921 6142 1212 7323 5320 5108 6076 7638 1395 3899 6277 4631 5339 4422 4529 1692 3968 4972 6506 5545 766 6505 827 4433 9379 8966 1798 9531 1395 8444 3109 2170 8957 7929 6574 2850 6227 6987 4983 7446 3546 9793 2557 4101 218 8808 1079 2106 4906 4622 4922 1814 2310 1183 3376 5201 1553 2513 7961 9575 4013 1030 4194 3400 3540 3509 2771 1273 3487 2145 9527 8100 3182 7594 3688
3350 1126 8059 5841 2454 4309 9986 9178 1609 8640 3684 3334 9756 2434 7526 698 4952 2248 3725 3630 3325 7542 6960 1466 9149 6495 7115 5781 3247 8817 4717 3336 2307 3770 3956 8269 5780 8058 8807 6287 5687 9586 1608 5152 1522 2338 7615 7732 8963 318 7872 4555 1939 5187 5620 8264 4167 7902 4263 4431 9491 3145 3058 9017 5114 3343 1532 9818 8985 3121 5350 2169 7223 9688 7921 5878 536 3372 6570 8710 4881 5474 2673 5935 7656 1260 6165 2307 5004 1901 6464 536 5590 8017 7996 4525 872 30 6781 989
8751 6947 457 9714 4204 2149 4322 3994 8942 7000 5371 4245 7255 8959 7175 7341 7465 6601 5732 698 688 7427 8589 9789 1759 31 1454 6974 9 1108 8719 3849 2818 7526 9334 2715 5299 730 5004 3136 4040 3945 4370 187 1084 9235 8653 4252 3206 9579 1564 7785 6793 8667 562 2078 6279 3435 3385 1817 8891 8440 3695 1072 2868 2314 8768 5528 1167 6353 4962 4218 456 9404 5983 2868 2828 2224 8583 2664 3606 9195 2924 3199 1020 5171 7369 6843 8242 1183 6128 8166 9051 6227 2593 9611 5156 933 9862 2880
5050 6389 2266 6985 9370 993 9716 5714 7496 6971 4132 2628 8747 7986 5380 8651 5914 2540 7941 9860 7037 5617 5637 4131 7752 211 3467 9204 2430 5424 8413 4445 9925 5343 8719 9304 4827 220 7583 5904 9530 5468 1097 5976 8402 9783 9663 4573 1960 9579 6543 7241 8393 9357 6869 7511 7773 6869 899 517 8078 3283 9520 1777 4960 1833 4591 6892 8925 1474 1340 5253 4075 1015 7695 3038 8162 8438 4069 4397 5384 8251 2868 1586 9154 2802 1755 205 5569 6380 5946 3573 8257 1444 6607 7824 1112 8811 3963 1395
301 1428 6105 4356 3173 9099 2698 1671 3966 8519 8944 6393 2759 6247 5788 7589 8291 7921 9064 5207 9894 6320 113 2267 8105 7664 5204 5526 8444 3672 6136 4642 8038 1039 1557 3433 8260 6673 5483 7314 149 6330 8571 1779 4168 6784 5767 3785 1462 8150 5043 9541 4838 383 8154 8674 5563 8248 8819 9074 1069 9655 3326 258 9514 4182 7779 2850 311 3190 3616 5994 6412 199 6490 284 9866 8146 6547 5356 4298 5646 6651 8937 8971 7578 1944 7963 3382 5022 9648 3838 523 5519 3915 5044 8153 9959 8342 7471
5866 9712 4599 175 6415 6831 1839 2826 8149 809 3387 9143 1059 7670 8897 5411 6495 2885 2485 9883 7364 3409 4012 3519 639 6520 7395 8794 1348 8593 972 1934 1837 3820 7046 9023 8861 5049 2751 2766 6617 341 4301 4116 7807 7943 7907 8655 9335 9666 9473 7585 1341 7077 3868 818 1070 8549 337 3549 7128 1678 7111 7577 8477 7552 7717 4676 8149 7634 1856 4197 2778 6788 1999 6690 1773 1470 8461 5729 9791 6100 6096 6161 9153 808 8410 7318 2146 997 658 9771 6779 9180 2121 6129 7307 2134 357 4398
1855 2550 2087 2343 6112 909 431 9366 9119 5579 3327 8522 9552 9811 1757 8442 8118 7959 4275 6584 2173 7383 1521 8963 8495 7743 8687 8634 3193 8095 4587 8638 192 1350 2549 5764 3246 9707 6027 3153 2622 3184 6883 4525 8209 600 8983 9625 9167 3887 3028 1580 5379 3141 1045 2217 7564 7399 8267 5701 5282 2407 8514 1807 6767 4550 9171 7562 7828 4906 3111 2268 1826 5363 4604 3127 7345 9520 696 4339 9182 5550 187 5426 801 4765 7034 7739 8232 8398 5510 3323 8168 566 2748 9007 2529 3599 4262 5325
8632 4277 4099 1780 977 640 4817 4777 8962 5168 749 4208 2476 9491 2496 3752 6409 3568 3603 1779 7479 876 4274 7395 9957 8675 405 1181 712 9519 7474 6035 684 4222 1840 1663 3696 7366 223 845 8454 126 8008 5200 7960 6432 3107 840 309 1504 9601 4775 9601 5998 6464 5870 8551 3743 8513 3029 9624 3417 6087 7783 6572 5394 2898 4848 5197 5884 1024 3213 9221 8690 4512 3998 5971 1696 3888 8132 231 9984 2406 9988 2901 8187 3872 6790 2827 7655 7485 9258 5728 1413 7808 8059 876 8019 3315 8326
1967 8556 2282 2051 1012 6565 4163 8354 1365 9825 3028 3462 6443 6801 1232 7829 5696 1274 3516 2131 8676 8536 6213 6175 1143 5179 1995 835 1286 2941 1107 4431 380 6035 8893 2535 5965 8088 2274 1701 4601 411 1993 1036 4433 4499 3781 4882 5182 7887 8165 7307 4314 5445 4246 5700 7179 7225 2685 3239 3731 5456 182 9491 8036 4162 3693 3334 1421 3950 5303 6062 168 2732 5148 3525 686 1590 4210 5673 9661 9082 7230 2811 9477 2706 9337 9474 2901 1767 3880 7876 1711 4951 2973 7057 5794 5206 1761 5533
4697 1249 5669 7011 1185 9530 8543 4549 6039 1371 215 3159 8359 4237 8750 6711 4288 5946 9740 3852 6291 6589 8746 9717 7860 7240 3381 3863 988 1679 2410 3014 4519 628 4931 8468 4840 7489 1052 1118 6450 5477 7053 852 9835 354 7306 2221 1240 6779 5994 6436 3647 8282 1436 810 1981 1544 557 3039 501 1168 7375 9890 9533 8447 6082 8290 8235 64 2615 8133 9092 7528 1661 9717 576 6317 2820 7263 7452 5346 2841 4232 2876 9006 3675 7045 8712 4401 3379 7144 2945 6132 6655 2922 3357 4333 4157 672
3999 2084 5851 161 3784 9093 8052 6662 4696 320 4244 7367 612 6634 2969 5572 5630 7760 4408 5785 5827 8304 8418 1128 6399 8006 9572 4337 6499 6741 7846 9617 9703 8240 1639 6037 2185 8699 9168 3016 5591 3027 1995 4861 6372 7053 4256 6333 2296 765 9165 1034 1009 8178 8462 955 6739 6339 7335 7128 4143 7251 3575 3200 5383 8474 3697 8735 6595 1773 5173 910 9190 5038 2821 9060 6704 7609 9629 6220 446 7081 6980 6082 2806 4592 444 5705 7772 5896 7612 269 970 3791 5257 8497 7481 3651 5130 6401
1144 4458 3615 8232 476 924 7350 1732 1309 5940 1665 1025 807 3601 7974 8548 7116 1225 9391 4052 7217 5087 4639 210 9281 8592 946 6384 8839 5770 5617 293 3891 2808 2832 7434 400 7664 828 1462 6905 970 4326 8108 953 3822 141 1379 466 8573 6129 3672 6931 3983 3073 8285 8969 4513 4303 5541 9907 2389 5539 1736 9313 5127 465 5571 9073 152 8463 4817 4732 9274 3094 9522 1227 3993 4018 1036 9422 1162 5816 6690 8864 5821 3503 8199 398 1034 2791 7344 1947 6052 8197 2562 2964 4627 5954 3133
7020 9375 5131 6078 4722 1534 787 339 9566 4955 9090 3004 3045 9292 4691 2523 8883 5737 4650 5045 4136 1587 5286 6275 6175 4326 3492 7381 9505 2240 7928 4776 4439 9661 7880 2927 5595 3580 2944 8256 799 7790 3093 7417 1854 9980 5919 6058 2189 1561 8244 7518 9039 3653 2398 6457 1798 9378 7145 3654 2203 3108 6134 6142 6966 4654 4856 4043 4308 8060 4905 6904 7851 783 6349 7088 8630 2626 7548 4959 2948 8909 2488 6088 5046 6422 3534 3820 6161 9143 6770 3493 2297 9432 9769 2880 6019 4925 4639 4143
4325 2628 1387 4491 1446 2332 1711 8564 8943 1567 2434 6119 8215 6847 3074 4405 7101 7128 8133 5083 1600 6050 8373 710 5741 9452 8174 1169 9718 1574 9195 2085 4300 7752 8644 3170 6265 2060 3525 9423 2290 39 2808 3717 7092 5582 4494 2591 4112 3125 896 915 853 7176 1616 8187 3726 1235 6432 229 5758 8249 6098 7523 4913 1622 5281 8186 3164 1912 9299 9831 7226 632 5191 30 6772 5380 4994 4200 7152 5432 717 3081 5242 5921 1935 6193 6223 2726 8409 3763 4662 5611 624 3364 4792 7628 3947 5248
7260 3672 5091 6330 9192 6209 6372 7620 1375 4268 5378 830 1152 7362 6385 7369 8834 8102 8078 3936 1617 8043 2950 8214 2569 4463 123 5634 7579 9597 7079 4051 8511 3775 1638 5605 5369 4529 9372 9607 7319 5866 3098 8192 7487 7405 1321 2317 9103 2645 8565 3008 4985 3388 1797 6219 6072 5440 5201 174 8235 5043 363 3444 3971 2669 812 4640 9673 1879 5473 3741 7638 3708 6770 2926 5348 2296 1065 2334 4962 1124 2081 7200 5484 716 3904 5431 7736 3785 2776 6058 1474 6038 1406 9916 2219 3174 1485 3949
337 9006 7202 8673 3955 6657 3734 8232 2551 6985 2393 9328 8973 6818 5462 9304 4092 4768 8799 9701 7182 8927 5726 9986 9468 9680 4645 8905 7202 3210 711 3667 6618 3788 4298 8538 8455 2907 6133 9125 7710 6769 1039 6483 8263 3164 1523 8585 2044 7307 268 9120 2345 9604 7381 8680 234 2163 841 6426 4302 1632 6207 7676 4882 8227 259 1520 7570 5291 4834 6993 5701 7279 96 2678 7756 6837 3158 5735 9005 2111 3352 1997 4444 4459 9761 1854 4250 8207 9484 1222 8552 7658 6513 5643 6560 5198 8133 1138
570 6084 5682 6232 5932 8683 1422 2730 1352 3717 9162 8507 163 3503 6297 3572 4732 3586 6518 9103 2459 7207 5583 6267 715 9146 3733 3089 779 5223 8322 2538 2612 9704 4668 9767 5331 7137 4048 4600 6555 7784 6298 5095 1108 323 9059 7992 8072 4500 4170 6999 7083 2998 6225 6400 5696 7710 5753 4683 1275 9369 1630 7386 755 9202 3482 2434 543 1336 6848 6726 843 1105 894 8216 4346 7776 6908 9805 7170 2060 8431 5174 9978 6976 2663 9197 137 6747 2573 6416 1462 9948 1980 8356 9939 7255 9082 8307
9178 7959 9676 2799 7716 8146 6297 9872 1219 8487 9911 1476 3324 7336 5707 3806 2696 5415 3971 8268 695 7505 4405 3964 1277 1314 4347 4338 7313 2742 6999 8984 64 6553 7797 9172 5680 7234 9169 3325 9182 8375 5750 3599 34 6925 882 5548 7206 8612 7450 550 5794 5640 3308 3446 5372 2782 9764 3210 9731 4636 9749 1067 8605 9780 4054 2463 1890 5747 3987 1197 1903 3135 2204 4702 3416 3517 8110 6531 2376 6047 8410 8326 78 4493 6579 8134 5837 4316 6674 2618 9077 2700 1974 5649 353 9469 6517 4435
2643 5683 3532 9860 7250 8654 7817 8340 1095 834 6158 1410 1645 5462 4635 4213 9510 8629 7474 6156 2433 2194 4734 704 1719 57 869 1661 7619 758 3050 2816 9140 5396 5642 258 1136 8459 9578 589 8502 71 9133 8290 6255 9540 5365 3509 5803 832 3551 4060 4713 1083 5335 2424 7691 9133 4455 4018 6030 3973 4477 489 2991 1307 7453 3722 3165 4404 7928 9957 805 3342 495 6642 3411 8574 3553 5719 1158 757 6708 9599 1652 4337 7388 7827 1809 2546 9165 1802 5341 3198 5445 8943 4613 9536 2518 7923
3895 6761 8008 3423 747 5521 3566 79 3156 7611 8338 5214 8825 3953 2983 2598 7273 6866 7453 5053 5829 6589 5057 1611 1747 4286 6373 9702 8636 8146 594 3644 2373 6729 4129 7722 2035 7751 8212 1702 7893 3838 6393 4082 9363 7861 7128 1027 2831 8429 1541 6462 6171 2993 3218 1826 5978 1695 4309 2694 6079 3620 7357 7667 8763 6088 2004 3928 7599 8245 1376 7215 4430 5521 5280 4235 9455 9058 2491 580 1665 6681 1710 7964 7152 7326 9206 7020 393 1179 8249 9128 7323 3694 6200 9251 8549 4891 5406 8818
5446 3378 8104 3044 8092 4465 7261 1986 1990 8222 7028 6418 3833 5055 2122 3456 7244 8129 5201 6248 5013 9247 8539 7171 2250 7991 9757 6687 4130 4790 8500 9836 5782 1989 6768 5371 2042 8313 3348 4269 2235 3279 2114 8672 5706 3204 9552 8917 9684 2145 4597 113 7351 3881 8381 3954 6934 7275 3569 5031 7801 3807 4285 3576 4471 6990 9078 7898 2240 1656 3271 2293 7833 8500 1807 7962 4690 3269 5447 7002 214 5772 7119 3140 2766 7665 7145 7750 5050 6643 7559 6838 2567 7939 4402 382 1045 39 49 3887
5393 9203 2492 6170 2315 8596 5896 7325 1294 9999 2906 4566 5812 6651 3376 8345 2876 1496 2529 7137 6075 5814 9166 9294 3928 7848 4792 5189 7393 6292 5000 9389 9601 2299 8693 1136 6186 6848 4319 3331 7633 9763 8662 6163 247 2260 2750 7678 8426 4148 4558 6287 706 8306 5894 1810 9657 1294 2970 4071 5388 9023 6108 5758 5307 9298 7912 2980 5553 6254 2623 7188 5319 5553 1851 2821 3045 8865 4057 3904 1572 1578 5447 458 3921 5222 6615 9971 2292 7174 7657 167 2787 5182 9439 2333 5524 2921 8197 9678
1557 7002 2903 4000 2071 4209 317 2625 9610 104 9423 3130 9677 7418 3403 9765 378 8010 5413 5864 3606 6842 3303 5251 2603 4748 1772 2978 6304 9025 7621 819 5318 6028 2598 1408 3033 1819 2053 2892 5520 3016 833 8010 8935 8938 262 8654 2520 2394 8679 4243 2954 1619 9759 3312 3791 9314 5559 9853 4092 4854 8268 1385 2924 2526 4781 22 1763 7114 2437 4601 649 8869 4205 5411 6794 5137 2054 8348 9674 671 2756 5165 6968 8706 8193 1370 1924 2066 7469 2732 8119 2359 6654 3427 5734 1439 3344 2695
231 8196 4136 1399 4177 8732 6675 9923 7347 903 3170 3463 4414 2504 9524 2379 6334 2076 4339 4802 6665 1522 7385 3122 4561 1500 8159 5629 7145 5746 9223 9799 539 5888 7130 1835 2348 5961 8637 1793 4391 6644 8911 9499 6483 2715 8729 19 7437 6299 5119 8385 9668 8828 2151 8330 2915 9000 9311 2780 3102 3565 3401 5989 3922 2807 6935 3821 4542 6530 7668 7371 2574 5637 5337 4531 2471 9505 2541 7301 7925 5895 4622 2602 4309 687 511 3474 3304 5568 5632 9435 4563 1539 8745 3791 7935 2683 8691 7885
8676 5630 1505 8627 6826 5887 8526 4813 9135 1858 4968 595 6514 4884 7277 6496 577 1395 7078 4148 2893 6141 6856 9522 5011 9704 8103 3653 7446 5160 571 9764 8869 3778 8988 4618 3024 3101 6283 5160 5836 4804 9147 4030 9988 4094 1715 4587 862 8415 7603 8840 2158 294 7163 6770 6257 1778 7463 6797 5101 2863 381 2572 5218 9861 4611 6564 2399 124 5768 1683 3518 4980 3612 4272 9769 736 2215 92 5132 9858 7333 5357 9391 3760 3321 4530 3209 3396 6756 150 559 3842 2651 2957 8399 8589 9026 8080
2770 9567 5238 4335 5805 1956 9771 7381 88 3073 4822 4979 7205 3351 3403 8577 3203 2094 6322 7147 502 1235 8801 9183 8358 5401 6194 7965 7931 1977 2385 9260 5433 7474 8524 4862 2368 5519 8311 261 2670 6290 1556 3525 1152 6872 3472 4124 4765 5856 2878 2046 9061 8796 7627 8681 7769 8076 407 381 6585 6437 4549 1272 2878 5410 2726 5274 4782 1270 21 8148 8622 4689 4568 1826 3442 204 2174 4525 7583 2234 4292 9023 2218 3273 3277 4735 2394 4772 8636 29 5645 9083 4948 5395 2906 6020 8402 5995
8453 6096 2839 4532 862 9659 4301 9506 1134 637 4759 2256 8418 1050 7102 8990 5797 45 9535 112 2899 6312 8577 4590 7909 6720 655 4779 1542 562 4997 9843 3338 9736 7815 2975 5388 6506 4683 7425 8833 5310 6515 3695 2408 520 6000 6550 6253 5145 1219 590 1910 1808 3878 2652 1080 4712 2490 7455 5169 2590 4084 2231 3123 776 2969 7406 5220 2689 1729 6585 5977 4827 3963 6072 7647 1869 3302 7886 7605 7974 6095 2994 5779 7949 2945 9470 3660 9419 11 6326 8613 3968 8534 5124 749 8942 4455 2537
3396 2896 1204 7656 5126 6917 3751 2435 5237 6529 9449 8178 6142 3654 860 4080 4177 9554 4378 9685 8957 2313 6819 8737 2773 5814 6094 4736 1780 9416 9437 8658 9995 2109 6816 1161 2372 6371 4053 6674 9002 9314 6362 3822 9419 728 1253 4815 201 3246 2710 9932 8434 796 3025 5583 8733 1429 9365 637 3962 9142 7309 1645 7104 163 388 8650 3101 7107 76 7400 3236 8870 7742 3865 4003 669 4513 179 7842 4699 6966 2001 6965 42 7597 2507 914 6513 6027 843 6220 8831 7899 3045 3186 1342 4939 9137
723 2660 3425 7179 460 3443 3654 5424 3620 7700 3484 9120 5178 994 463 5841 5930 261 8157 1218 5360 4710 9441 8804 5689 3109 37 4517 2286 5641 6425 3953 5091 4041 9872 8191 7456 6522 3279 4189 664 3638 9258 4141 8694 4921 7967 9483 9014 6991 5149 1364 3459 1605 7919 3810 7379 1708 3243 4396 5569 741 1835 2813 6592 2960 7862 1071 7050 491 1319 4128 5267 4475 7026 6832 8182 646 8489 7076 8695 4798 6589 916 7134 9619 9978 4038 5555 8251 5078 6279 9657 8979 6161 519 8806 7718 572 575
3975 923 3147 8209 6803 6213 8048 6243 1688 7619 1437 3548 6020 5875 9092 6534 4021 7056 6106 3828 7023 5742 1144 5892 8259 838 1120 1176 7570 6904 1510 4972 4017 7667 6104 7366 483 2912 5836 963 3471 8871 7097 3263 4518 5313 686 6815 3738 5157 5741 9780 4354 6710 490 4786 2700 1563 8410 678 6611 7822 3455 843 7664 4520 8357 8548 2472 4490 4300 2729 7521 8143 5816 5582 3740 4587 9601 8763 4064 204 102 533 3977 5956 261 2215 5328 5160 2949 9420 6126 5339 8052 4232 4407 550 3890 2065
5770 4743 8836 579 1590 2270 9411 7470 7968 189 1812 6734 4530 7706 3178 6554 7414 9491 6282 439 4263 991 2406 5069 2064 308 1911 8770 4503 2609 5299 9886 7499 716 3208 5563 1074 2089 2974 5292 7722 9826 5692 382 3167 2039 1079 7289 2899 1332 5429 8173 1781 1142 7108 2183 3898 1001 7312 2168 3597 3058 6204 1729 7390 1671 2763 6643 6906 5944 347 1343 9000 8951 4094 2670 7999 5215 4762 9725 1823 5918 3504 1412 3889 680 7299 9290 670 1680 7895 3835 5092 3864 6095 3836 5294 7826 454 992
2418 6614 4598 713 7913 1915 5589 6402 9117 371 6676 1604 1899 3403 7965 1247 8494 8521 4340 5504 3280 819 7590 5549 8167 4754 3196 4489 1870 9696 9636 7818 6728 5624 5823 7807 7666 5761 9394 4015 6033 3965 48 1430 183 8871 4843 7036 7123 8509 2794 2711 3312 7643 1730 8535 9364 414 3591 3642 1951 8503 7578 1282 958 2804 6202 1910 5871 3531 930 2324 2722 400 1800 3563 1378 1095 3266 1955 8465 7057 5523 3671 7807 6494 9537 9198 8027 2172 5327 288 1612 3054 173 601 511 6064 8332 6359
2636 906 9443 7511 7696 2588 3940 276 619 8786 1006 601 6227 5446 9581 9900 6286 9142 5544 2738 3232 7635 7771 8403 2795 3582 7165 281 6131 5571 9034 7071 5855 6004 8997 5278 1763 4253 9554 8330 1052 9599 9859 6812 1862 5592 1143 1265 9396 3883 2792 9839 5865 5376 3501 5760 3961 8111 3419 334 9671 1710 1983 9245 550 3724 4102 3524 6665 434 2157 3206 8035 4131 7337 719 5595 1538 6688 3846 769 8313 6505 7648 4386 9628 97 8581 547 5477 1843 2532 2486 7499 3009 1466 5201 5876 3812 9579
9710 8514 5401 5321 6364 1722 7184 4420 1953 293 7841 1773 4550 8347 6 8952 957 808 4250 1596 9190 1515 8779 7644 1213 5157 2343 9001 4089 4376 1781 3528 9323 4905 4426 6841 1102 5669 2579 9361 7960 9561 8338 1600 9827 530 7148 8355 3954 7772 5032 9390 7826 14 3260 1469 5388 9922 912 337 8996 7228 7679 9014 4814 6288 2408 4760 4591 8139 9741 9190 7045 2153 4434 1268 8146 8144 2400 3883 9500 6509 7792 1145 1028 337 3341 6781 7751 2377 6319 2905 2292 3962 6200 789 6203 4042 4235 3129
2718 4792 1097 646 5860 4579 50 6682 1768 491 4084 9748 5894 4067 7748 8063 723 973 523 2340 8130 9918 2306 6398 1902 6544 2026 1170 5373 9436 1154 79 7952 2610 2742 582 3996 1790 2553 7175 1783 1053 1864 8066 2816 2577 9226 6506 2917 5419 1180 3236 3064 3165 9728 4915 5777 3131 8239 2319 7202 5831 4278 1196 6476 6106 3353 9037 8270 4806 5866 621 4104 8442 79 7673 3758 3508 4199 5455 314 5962 4941 1730 7993 4219 4185 3423 9930 7097 5634 7034 9788 4041 6017 4835 4445 4446 46 8298
771 8649 4423 222 6827 7830 615 9481 195 1388 1942 3344 3509 1771 3649 9050 6081 5184 7136 8203 6169 9013 501 849 8346 6935 1880 1830 7019 7153 8603 2047 2216 8322 8255 1296 6943 2732 989 9254 2497 4703 9337 7527 5604 7957 8684 9911 4695 8340 5216 994 8379 6499 8747 1625 2489 6375 5275 2446 6319 7194 5072 2050 1458 2822 4181 1083 5507 5966 2448 8949 4759 1832 2974 5945 7395 1034 4161 7320 4627 9049 7493 8306 5632 1641 4674 7091 7341 3198 8451 7664 1390 3507 6019 7111 4036 8448 5330 2357
1034 4227 591 8851 6408 6014 2310 1765 7118 2037 7880 4081 1664 3424 7278 5029 5261 4797 1419 5797 9464 1296 2955 2753 5314 7606 3206 2451 4485 7831 6286 3274 9600 2999 1063 8984 7033 7661 1944 7912 7981 8550 367 9382 4300 7230 7833 7639 3021 7868 8878 7100 1595 7186 833 3922 4812 5894 4933 3086 6472 681 5634 9122 5559 1442 1783 7208 3120 3243 8779 36 5947 3298 330 1225 7617 1713 2782 5737 86 1155 5080 3321 5716 10 4030 9390 5229 4360 4124 1442 3053 7677 3162 7313 8692 4516 4853 6962
5282 9164 4753 9586 5142 1778 2206 8283 6310 9160 1098 7384 4160 4986 6461 8729 3587 2823 973 9546 421 1605 3202 1547 7015 3683 4460 202 3545 3489 8082 6856 5930 475 3127 9074 8011 3246 2226 2587 328 2483 3367 6502 4918 4090 1405 3566 5337 2665 4451 950 3353 7398 8842 7294 2420 9869 2540 6778 2011 5872 7191 8950 6362 668 312 9175 9207 9334 887 4659 1844 6365 9823 516 9933 6295 2647 6228 3947 4677 6292 9607 397 6048 6624 9084 2407 4445 1961 6202 2081 6742 3610 6846 4158 5533 4747 9511
1097 466 962 9910 4548 4093 4988 3695 6272 6743 8839 848 6689 2488 5102 3443 5708 574 9157 3744 8541 5777 5891 2854 2749 7102 5121 1082 6190 2406 3782 2723 365 9649 6947 5429 2809 1039 3583 6127 4184 4776 6991 1966 2511 7882 3360 8182 3000 9635 7243 792 5019 9708 5843 3655 5355 8442 4678 5086 4162 2699 4795 5986 6458 5381 6011 6292 1737 3297 9406 837 8433 2683 5885 4907 3693 209 7894 1141 5392 246 1813 9370 618 7891 6566 3516 7419 332 8650 8966 4968 6106 9035 537 91 6222 4811 2965
7994 1880 2470 3216 9445 8615 1224 1946 5646 5966 720 3557 5273 1093 4943 7076 9474 1667 2731 413 3475 3237 8723 5450 1134 6130 3372 3911 7139 7880 359 7787 9051 773 4757 54 5438 8732 1729 9826 2085 2466 2128 5560 8881 1646 6952 4893 8122 4042 688 1593 7596 6497 8178 5134 6848 9994 2589 5776 6923 7016 9116 9635 2128 5344 6867 8118 4874 6049 6155 1078 8436 2378 8156 4718 790 6382 2834 7669 4130 9851 6909 216 761 4315 8491 1885 92 2756 3219 378 4858 2003 3330 550 3286 5088 2202 2323
4996 2767 9011 6082 2109 1561 9383 98 582 1466 7810 9054 6193 9858 8337 2213 8517 2333 6795 9704 6600 970 7010 8668 9032 9979 6013 2865 3382 1068 9641 6671 9589 808 1783 5381 5278 6348 1961 8286 8550 750 2827 4515 9653 4785 9448 1646 9486 1006 3950 2243 2362 2838 3708 280 8853 1905 890 2988 5787 2742 4258 5004 9087 8942 2364 7732 3965 3032 2418 117 3093 6032 986 7432 8855 5774 4869 8111 180 7176 6321 2548 9384 1743 9092 4409 1101 2082 1566 4688 6134 3415 9110 7209 5168 167 2882 9133
957 1410 3324 3359 6984 1999 8337 4996 9090 3002 3300 5226 8705 2843 886 191 540 5440 3339 7503 4807 1233 9741 2750 3022 7826 2407 3175 6401 2966 7120 4968 4634 6528 913 8475 1642 676 9711 4764 710 6489 8791 2637 7604 7560 6405 2768 922 7956 7877 1662 8383 3328 5070 6089 3977 7157 7778 8644 9607 3555 707 7800 7200 5881 7169 4968 8252 1323 3484 5582 4878 5800 6210 4206 8371 9310 6601 763 1224 5767 176 3622 5898 8452 6482 7068 7680 3514 4795 5592 8606 1204 2599 6720 9887 3450 5423 882
23 45 96 67
12 43 88 94
12 36 87 93
23 45 65 95
13 56 89 94
33 55 55 66
13 16 99 74
output =8597311
20087799
22241282
11173328
14884214
1301237
25813439

*/
Solution:
import java.util.*;

public class NumGrid {
    int[][] tree;
    int[][] nums;
    int m;
    int n;
    
    public NumGrid(int[][] grid) {
        if (grid.length == 0 || grid[0].length == 0) return;
        m = grid.length;
        n = grid[0].length;
        tree = new int[m+1][n+1];
        nums = new int[m][n];
        for (int i = 0; i < m; i++) {
            for (int j = 0; j < n; j++) {
                update(i, j, grid[i][j]);
            }
        }
    }

    public void update(int row, int col, int val) {
        if (m == 0 || n == 0) return;
        int delta = val - nums[row][col];
        nums[row][col] = val;
        for (int i = row + 1; i <= m; i += i & (-i)) {
            for (int j = col + 1; j <= n; j += j & (-j)) {
                tree[i][j] += delta;
            }
        }
    }

    public int sumOfSubGrid(int row1, int col1, int row2, int col2) {
        if (m == 0 || n == 0) return 0;
        return sum(row2+1, col2+1) + sum(row1, col1) - sum(row1, col2+1) - sum(row2+1, col1);
    }
    
    public int sum(int row, int col) {
        int sum = 0;
        for (int i = row; i > 0; i -= i & (-i)) {
            for (int j = col; j > 0; j -= j & (-j)) {
                sum += tree[i][j];
            }
        }
        return sum;
    }
	
	public static void main(String args[] ) {
		Scanner scan = new Scanner(System.in);
		int m=scan.nextInt();
		int n=scan.nextInt();
		int q=scan.nextInt();      
		int[][] nums=new int[m][n];
		for(int i=0; i<m; i++)
		for(int j=0; j<n; j++)
		{
			 nums[i][j] = scan.nextInt();
		}
		NumGrid nm=new NumGrid(nums);
	   
		for(int i=0;i<q;i++){
			int r1 = scan.nextInt();
			int c1 = scan.nextInt();
			int r2 = scan.nextInt();
			int c2 = scan.nextInt();
			System.out.println(nm.sumOfSubGrid(r1, c1, r2, c2));
		}
	}
}