/*
Mallika taught a new fun time program practice for Engineering Students.
As a part of this she has given set of numbers, and asked the students 
to find the sum of numbers between indices S1 and S2 (S1<=S2),
both S1 and S2 inclusive.

There are P Students in the class, numbered from 1 to P. Each student is
given set of indices and that student has to find the sum of the numbers 
between the indices and print the result.

And return the answer in the same order of

Input Format:
-------------
Line-1: Two integers N and P, N is length of set of numbers.
		where 1<= N <= 1000
Line-2: N space separated integers, array set[]
Next P lines: Two integers S1 and S2, index positions 
		where 0 <= S1 <= S2 < N
		and 1<= set[i] <= 100000

Output Format:
--------------
Print the sum of numbers between indices(s1, s2) given to each student.


Sample Input-1:
---------------
8 2
115053 59099 681359 526248 123844 612168 920784 591204
2 6
1 5

Sample Output-1:
----------------
2864403
2002718

Test Cases:
case =1
input =1000 5
77514 3824 21448 39065 75352 25578 93583 73913 30508 52202 15876 13955 33656 67425 10692 67730 55398 13024 22170 2812 87890 902 94858 11770 91958 48892 60554 23360 75483 19960 48373 61120 70908 67968 53323 48638 85025 45352 58359 36711 99096 31937 79583 47662 93291 26760 23422 5788 54215 7233 75805 52290 14249 10192 13756 99768 79745 15090 27229 65302 45530 82879 21673 79660 46510 49010 32485 80965 39947 22946 43158 69634 65787 56541 42385 69405 75502 84105 23979 68177 28306 61819 34351 78212 25646 45188 8037 80620 1284 56904 31267 44590 89319 72257 91633 42633 48223 23852 26895 29496 66873 52185 44868 12821 13422 76886 37390 55871 1251 11747 28693 11223 79858 31823 40420 41286 40471 39643 95947 32686 97229 58748 75057 12599 49480 49428 94944 89713 25918 57823 39324 66178 22162 51705 7631 72299 93041 39339 86044 33827 72094 85825 14901 54182 4849 50043 37935 56284 6134 49917 25972 15456 2061 85086 80890 6944 86958 44163 38939 23655 63585 74168 50225 3395 97062 70001 99697 90228 707 40386 19518 68824 84496 10302 13472 1743 42159 27125 90470 7826 81863 20173 11800 17681 87393 19234 22803 51046 35849 73039 85073 44771 44115 89818 16906 52915 16181 95147 64107 28918 50978 82026 11008 49303 48485 74340 71728 53599 88608 70503 70830 52921 45904 64303 92081 79972 22864 70004 72073 99939 98677 25726 18508 71586 55284 23290 15555 41043 6242 21629 66824 70996 29359 52223 67315 29866 95418 59363 42938 90348 22026 91243 53811 42053 64435 90617 18874 77427 93007 68919 6866 42803 55382 77465 38705 57866 93282 59684 10249 21963 29421 52668 1158 84796 76887 62880 9380 23036 20213 17192 49784 70739 63874 31513 72354 49829 99173 3227 14429 29039 75663 41902 98800 15369 2716 36247 95591 30296 93077 11487 53609 75150 84678 63013 55019 62093 40548 70112 54476 28401 41993 94352 71139 23756 73037 50419 51413 80641 71973 10718 46380 93930 9152 7282 55914 32658 36608 93938 76184 33461 64175 48507 3290 40363 27632 93778 30962 71695 91713 14673 40012 1730 8005 96160 83234 81955 31024 78681 13401 57226 26667 29045 51861 12690 46711 57687 53710 78272 75908 93071 72270 60997 44892 99573 39444 38944 34574 4374 58955 70406 89988 51375 79114 874 81453 44261 11097 59813 20511 79558 35814 71166 24401 15542 7278 82745 81592 35307 5277 83248 23455 3953 32947 9903 79288 57685 6181 7758 16197 44942 90286 99384 83545 29836 75111 46118 75132 29652 2872 99257 9944 65528 79839 32387 88588 84113 17118 86495 25080 74801 28262 7714 10457 21979 56674 72857 72183 36486 20843 83692 72210 36207 62411 8413 60227 9914 74659 3568 11186 98197 45151 43761 20490 23738 63328 21278 94157 16534 71598 19469 43448 5385 25367 80499 10375 46213 99237 42038 7309 51121 16870 17921 4363 75552 34535 67351 90581 75048 67388 4951 38114 78670 80995 61933 23048 78251 29280 45838 1488 72938 3728 40475 71675 54441 99716 36352 70193 40203 62252 14437 42271 91028 41100 48183 75834 55434 88766 51575 46246 26872 14164 71432 81092 67857 11837 5153 44820 55596 9710 21429 4630 33226 71010 62570 96837 23384 79104 64165 8647 6894 81888 33666 55865 32496 48838 59329 49329 78903 79173 78179 47585 91378 20133 13662 2718 70712 46284 40706 79329 33683 56173 55129 9510 84767 73117 70552 75243 23286 7044 62771 3 47541 97410 51389 40526 41005 81468 55935 31617 24610 54429 66768 61996 61295 44046 21586 60038 52013 98438 19066 31211 65381 28887 84618 39644 39191 84519 93179 51571 57644 58044 90719 89429 13373 56322 68447 78201 44215 35096 19782 42402 38135 31013 72168 24092 79602 70318 11669 12563 95250 61349 43944 7904 5742 32393 81165 81675 10366 74828 415 37099 79558 43378 73975 95112 6301 83985 48150 96663 70322 11339 50523 52753 54575 53995 15422 71186 69442 18342 24389 1704 31622 65759 74053 37494 20671 43318 25505 33578 49006 15352 83793 85849 16665 46021 78063 19061 23491 78287 60528 37240 21261 8349 32771 51490 10725 18929 72211 61605 10697 48488 83967 26492 937 20409 19739 49615 42364 45661 63182 50519 84637 29540 12702 82533 11212 14796 70465 97525 15667 47765 65626 7996 40949 3191 22249 13721 73804 93248 99374 7008 9149 24451 84494 94440 93815 19407 125 63153 23896 77738 62282 39151 46491 28246 92157 99056 78138 39103 9273 57015 40010 26106 2778 41511 23335 87536 25327 96051 58187 2757 15143 16284 47441 89803 66427 23474 69029 37437 31510 96591 12612 90213 82671 26603 65186 52958 94049 63349 64192 79962 58384 93421 89119 57270 24029 99897 474 46186 13379 70832 75108 45603 85962 63047 62233 20118 17987 53759 46670 90298 80362 33364 42922 33302 83664 51607 75366 83117 16727 33520 19521 15104 96579 59060 14328 15413 47175 95421 64168 55459 35184 42460 44294 81868 33329 25536 43093 35482 22728 63883 4271 50344 16339 61939 11246 68583 47462 42691 96600 20469 92192 14647 61085 94495 30462 12932 18187 97931 31294 53585 70027 72380 29243 95582 44752 57085 8289 81968 84692 74065 79826 70791 73177 79923 54578 96678 22382 88954 21631 5374 51160 12507 6552 10838 65245 76602 95796 67951 5181 37242 55599 81206 24251 75188 57249 63891 62020 24 10117 76092 30166 34931 54868 71539 23572 74822 92815 33484 23939 31766 97601 72272 96767 78533 20250 45534 25813 19709 89921 25664 52984 97326 63437 68372 89192 71795 94576 84340 45533 76491 28571 17052 83038 16238 79947 44358 14286 79387 5252 49232 67245 79381 96004 49747 76622 97469 59121 41200 98763 54395 64944 41445 55911 7934 79934 96271 43187 20391 74486 34908 76631 81639 21610 54682 55811 49315 86047 70931 45937 63565 72045 91200 37668 90710 66473 82872 38462 38032 98839 3200 59347 87704 26435 27439 45847 7156 76607 27259 22784 72922 97936 5529 38469 6536 11204 13761 8274 85682 27009 59452 81425 51127 3712 65135 49853 30989 9615 73301 74517 12372 65547 47029 52824 36241 32581 54439 48939 21177 53498 39895 30054 18049 14168 4893 71681 46038 51330 28588 47687 2927 2906 86369 9288 40954 99524 66698 46089 26574 77327 40190 5566 80556 53431 23748 23623 57062 49624 91266 97928 75814 36805 99123 46844 80478 90593 45629 33746 42371 61630
10 990
25 674
12 456
78 987
67 999
output =48529801
31677575
21798903
44940116
46392718

case=2
input =1000 1
77514 3824 21448 39065 75352 25578 93583 73913 30508 52202 15876 13955 33656 67425 10692 67730 55398 13024 22170 2812 87890 902 94858 11770 91958 48892 60554 23360 75483 19960 48373 61120 70908 67968 53323 48638 85025 45352 58359 36711 99096 31937 79583 47662 93291 26760 23422 5788 54215 7233 75805 52290 14249 10192 13756 99768 79745 15090 27229 65302 45530 82879 21673 79660 46510 49010 32485 80965 39947 22946 43158 69634 65787 56541 42385 69405 75502 84105 23979 68177 28306 61819 34351 78212 25646 45188 8037 80620 1284 56904 31267 44590 89319 72257 91633 42633 48223 23852 26895 29496 66873 52185 44868 12821 13422 76886 37390 55871 1251 11747 28693 11223 79858 31823 40420 41286 40471 39643 95947 32686 97229 58748 75057 12599 49480 49428 94944 89713 25918 57823 39324 66178 22162 51705 7631 72299 93041 39339 86044 33827 72094 85825 14901 54182 4849 50043 37935 56284 6134 49917 25972 15456 2061 85086 80890 6944 86958 44163 38939 23655 63585 74168 50225 3395 97062 70001 99697 90228 707 40386 19518 68824 84496 10302 13472 1743 42159 27125 90470 7826 81863 20173 11800 17681 87393 19234 22803 51046 35849 73039 85073 44771 44115 89818 16906 52915 16181 95147 64107 28918 50978 82026 11008 49303 48485 74340 71728 53599 88608 70503 70830 52921 45904 64303 92081 79972 22864 70004 72073 99939 98677 25726 18508 71586 55284 23290 15555 41043 6242 21629 66824 70996 29359 52223 67315 29866 95418 59363 42938 90348 22026 91243 53811 42053 64435 90617 18874 77427 93007 68919 6866 42803 55382 77465 38705 57866 93282 59684 10249 21963 29421 52668 1158 84796 76887 62880 9380 23036 20213 17192 49784 70739 63874 31513 72354 49829 99173 3227 14429 29039 75663 41902 98800 15369 2716 36247 95591 30296 93077 11487 53609 75150 84678 63013 55019 62093 40548 70112 54476 28401 41993 94352 71139 23756 73037 50419 51413 80641 71973 10718 46380 93930 9152 7282 55914 32658 36608 93938 76184 33461 64175 48507 3290 40363 27632 93778 30962 71695 91713 14673 40012 1730 8005 96160 83234 81955 31024 78681 13401 57226 26667 29045 51861 12690 46711 57687 53710 78272 75908 93071 72270 60997 44892 99573 39444 38944 34574 4374 58955 70406 89988 51375 79114 874 81453 44261 11097 59813 20511 79558 35814 71166 24401 15542 7278 82745 81592 35307 5277 83248 23455 3953 32947 9903 79288 57685 6181 7758 16197 44942 90286 99384 83545 29836 75111 46118 75132 29652 2872 99257 9944 65528 79839 32387 88588 84113 17118 86495 25080 74801 28262 7714 10457 21979 56674 72857 72183 36486 20843 83692 72210 36207 62411 8413 60227 9914 74659 3568 11186 98197 45151 43761 20490 23738 63328 21278 94157 16534 71598 19469 43448 5385 25367 80499 10375 46213 99237 42038 7309 51121 16870 17921 4363 75552 34535 67351 90581 75048 67388 4951 38114 78670 80995 61933 23048 78251 29280 45838 1488 72938 3728 40475 71675 54441 99716 36352 70193 40203 62252 14437 42271 91028 41100 48183 75834 55434 88766 51575 46246 26872 14164 71432 81092 67857 11837 5153 44820 55596 9710 21429 4630 33226 71010 62570 96837 23384 79104 64165 8647 6894 81888 33666 55865 32496 48838 59329 49329 78903 79173 78179 47585 91378 20133 13662 2718 70712 46284 40706 79329 33683 56173 55129 9510 84767 73117 70552 75243 23286 7044 62771 3 47541 97410 51389 40526 41005 81468 55935 31617 24610 54429 66768 61996 61295 44046 21586 60038 52013 98438 19066 31211 65381 28887 84618 39644 39191 84519 93179 51571 57644 58044 90719 89429 13373 56322 68447 78201 44215 35096 19782 42402 38135 31013 72168 24092 79602 70318 11669 12563 95250 61349 43944 7904 5742 32393 81165 81675 10366 74828 415 37099 79558 43378 73975 95112 6301 83985 48150 96663 70322 11339 50523 52753 54575 53995 15422 71186 69442 18342 24389 1704 31622 65759 74053 37494 20671 43318 25505 33578 49006 15352 83793 85849 16665 46021 78063 19061 23491 78287 60528 37240 21261 8349 32771 51490 10725 18929 72211 61605 10697 48488 83967 26492 937 20409 19739 49615 42364 45661 63182 50519 84637 29540 12702 82533 11212 14796 70465 97525 15667 47765 65626 7996 40949 3191 22249 13721 73804 93248 99374 7008 9149 24451 84494 94440 93815 19407 125 63153 23896 77738 62282 39151 46491 28246 92157 99056 78138 39103 9273 57015 40010 26106 2778 41511 23335 87536 25327 96051 58187 2757 15143 16284 47441 89803 66427 23474 69029 37437 31510 96591 12612 90213 82671 26603 65186 52958 94049 63349 64192 79962 58384 93421 89119 57270 24029 99897 474 46186 13379 70832 75108 45603 85962 63047 62233 20118 17987 53759 46670 90298 80362 33364 42922 33302 83664 51607 75366 83117 16727 33520 19521 15104 96579 59060 14328 15413 47175 95421 64168 55459 35184 42460 44294 81868 33329 25536 43093 35482 22728 63883 4271 50344 16339 61939 11246 68583 47462 42691 96600 20469 92192 14647 61085 94495 30462 12932 18187 97931 31294 53585 70027 72380 29243 95582 44752 57085 8289 81968 84692 74065 79826 70791 73177 79923 54578 96678 22382 88954 21631 5374 51160 12507 6552 10838 65245 76602 95796 67951 5181 37242 55599 81206 24251 75188 57249 63891 62020 24 10117 76092 30166 34931 54868 71539 23572 74822 92815 33484 23939 31766 97601 72272 96767 78533 20250 45534 25813 19709 89921 25664 52984 97326 63437 68372 89192 71795 94576 84340 45533 76491 28571 17052 83038 16238 79947 44358 14286 79387 5252 49232 67245 79381 96004 49747 76622 97469 59121 41200 98763 54395 64944 41445 55911 7934 79934 96271 43187 20391 74486 34908 76631 81639 21610 54682 55811 49315 86047 70931 45937 63565 72045 91200 37668 90710 66473 82872 38462 38032 98839 3200 59347 87704 26435 27439 45847 7156 76607 27259 22784 72922 97936 5529 38469 6536 11204 13761 8274 85682 27009 59452 81425 51127 3712 65135 49853 30989 9615 73301 74517 12372 65547 47029 52824 36241 32581 54439 48939 21177 53498 39895 30054 18049 14168 4893 71681 46038 51330 28588 47687 2927 2906 86369 9288 40954 99524 66698 46089 26574 77327 40190 5566 80556 53431 23748 23623 57062 49624 91266 97928 75814 36805 99123 46844 80478 90593 45629 33746 42371 61630
100 999
output =44729655

case =3
input =500 6
61581 88619 91229 67337 81588 84039 70996 19979 73067 75703 20803 38774 48901 14573 46355 66067 87917 76778 28501 61915 95744 36351 97341 44088 8361 88666 46455 23230 70564 91026 2282 26066 22363 65096 73587 65516 27843 65649 30360 83696 54660 5258 58993 57 38662 20688 69001 69509 53203 9059 36720 58941 98750 43059 84397 15689 59902 1039 53230 67545 39469 47800 52659 40601 31638 35674 46421 65324 50042 99666 82040 44789 7654 93541 27687 21063 17593 78569 57318 98501 68254 77077 66198 71195 59998 91075 15449 94739 74796 26404 66525 24704 76794 15244 59641 725 10624 9622 72363 44114 32356 3235 23892 46510 40147 46506 55496 86689 65760 27715 20661 78183 85454 30183 85148 95978 79630 28616 98770 90683 54934 82206 90786 11775 56619 4070 77872 78037 44268 79872 66237 89238 79832 22372 60463 13402 42398 14021 62603 32623 23864 10630 36560 27877 18605 82254 20169 72103 80151 91818 44906 6786 98597 81612 73814 94923 22911 75896 57511 42782 18399 25871 24482 1319 55197 82562 57720 98802 60465 72153 22824 90363 97695 86589 73622 97227 64256 14657 28825 64365 16009 54357 96906 51571 39550 19731 94577 83046 38749 77952 24402 55174 18135 89635 12248 40104 23631 97615 78392 9844 36185 77355 5345 78860 7941 23925 11865 59123 35576 96151 34376 28975 47232 32927 241 56358 69568 77227 20878 23603 14368 85041 44164 99119 12004 20216 54750 97282 55601 90857 45595 76424 11063 36251 65184 88319 87679 99526 88654 58480 86345 43016 93650 98654 21794 56903 64026 75106 22973 88886 37858 42572 38742 6947 13594 67051 36165 87379 13213 74449 16748 30767 3095 93772 45662 97561 27727 52596 73591 53928 34250 56715 99954 52933 75961 74805 8937 54892 76830 24825 60908 65428 3853 51556 66318 27935 83427 24130 4100 27698 97939 71671 45025 37017 68908 98686 53491 21220 81363 79039 95102 4769 39702 89444 91189 99006 33109 10666 8960 88294 42759 44270 8866 61632 210 29947 19070 12343 33576 29035 8352 64866 66499 25030 85076 33676 48065 30429 8439 97381 93982 88151 68879 82893 3134 54565 89159 87200 31104 56742 91237 26352 20885 24035 25792 65700 12904 33274 88176 8523 7869 70667 49496 81029 17557 67406 10458 61032 65836 27826 48534 49681 1711 60381 2550 53837 19667 62841 36765 15547 86860 94065 86091 5103 64053 1091 34689 3903 14916 69765 59129 41461 26742 6922 36254 60575 5541 42813 19656 45051 37691 81395 84876 80207 13048 78873 56868 80987 89479 69461 50545 61928 52092 8124 1282 32245 91446 43812 29383 3926 51608 24355 29875 14384 81427 18062 53240 56357 29028 49718 54367 86626 613 30107 58507 93513 95664 34395 11652 14817 79391 86325 55059 46344 17324 91587 58107 98280 51563 23536 26637 25632 93054 74109 63033 38416 87720 14599 56839 32935 38508 16585 74489 58416 75089 85823 85991 13200 93586 87133 96062 47587 24615 20430 85327 42377 28890 16475 83390 18029 25568 96088 42543 94826 54030 18563 51838 68509 55220 84501 50635 14943 76050 96902 58525 61231 55470 46565 1622 94134 37427 10902 49604 43970 95897 23604 4416 13335 4103 91673
10 250
450 499
356 478
134 479
12 376
125 425
output =12668349
2614696
5977006
17415152
18659236
14996244

case =4
input =500 7
61581 88619 91229 67337 81588 84039 70996 19979 73067 75703 20803 38774 48901 14573 46355 66067 87917 76778 28501 61915 95744 36351 97341 44088 8361 88666 46455 23230 70564 91026 2282 26066 22363 65096 73587 65516 27843 65649 30360 83696 54660 5258 58993 57 38662 20688 69001 69509 53203 9059 36720 58941 98750 43059 84397 15689 59902 1039 53230 67545 39469 47800 52659 40601 31638 35674 46421 65324 50042 99666 82040 44789 7654 93541 27687 21063 17593 78569 57318 98501 68254 77077 66198 71195 59998 91075 15449 94739 74796 26404 66525 24704 76794 15244 59641 725 10624 9622 72363 44114 32356 3235 23892 46510 40147 46506 55496 86689 65760 27715 20661 78183 85454 30183 85148 95978 79630 28616 98770 90683 54934 82206 90786 11775 56619 4070 77872 78037 44268 79872 66237 89238 79832 22372 60463 13402 42398 14021 62603 32623 23864 10630 36560 27877 18605 82254 20169 72103 80151 91818 44906 6786 98597 81612 73814 94923 22911 75896 57511 42782 18399 25871 24482 1319 55197 82562 57720 98802 60465 72153 22824 90363 97695 86589 73622 97227 64256 14657 28825 64365 16009 54357 96906 51571 39550 19731 94577 83046 38749 77952 24402 55174 18135 89635 12248 40104 23631 97615 78392 9844 36185 77355 5345 78860 7941 23925 11865 59123 35576 96151 34376 28975 47232 32927 241 56358 69568 77227 20878 23603 14368 85041 44164 99119 12004 20216 54750 97282 55601 90857 45595 76424 11063 36251 65184 88319 87679 99526 88654 58480 86345 43016 93650 98654 21794 56903 64026 75106 22973 88886 37858 42572 38742 6947 13594 67051 36165 87379 13213 74449 16748 30767 3095 93772 45662 97561 27727 52596 73591 53928 34250 56715 99954 52933 75961 74805 8937 54892 76830 24825 60908 65428 3853 51556 66318 27935 83427 24130 4100 27698 97939 71671 45025 37017 68908 98686 53491 21220 81363 79039 95102 4769 39702 89444 91189 99006 33109 10666 8960 88294 42759 44270 8866 61632 210 29947 19070 12343 33576 29035 8352 64866 66499 25030 85076 33676 48065 30429 8439 97381 93982 88151 68879 82893 3134 54565 89159 87200 31104 56742 91237 26352 20885 24035 25792 65700 12904 33274 88176 8523 7869 70667 49496 81029 17557 67406 10458 61032 65836 27826 48534 49681 1711 60381 2550 53837 19667 62841 36765 15547 86860 94065 86091 5103 64053 1091 34689 3903 14916 69765 59129 41461 26742 6922 36254 60575 5541 42813 19656 45051 37691 81395 84876 80207 13048 78873 56868 80987 89479 69461 50545 61928 52092 8124 1282 32245 91446 43812 29383 3926 51608 24355 29875 14384 81427 18062 53240 56357 29028 49718 54367 86626 613 30107 58507 93513 95664 34395 11652 14817 79391 86325 55059 46344 17324 91587 58107 98280 51563 23536 26637 25632 93054 74109 63033 38416 87720 14599 56839 32935 38508 16585 74489 58416 75089 85823 85991 13200 93586 87133 96062 47587 24615 20430 85327 42377 28890 16475 83390 18029 25568 96088 42543 94826 54030 18563 51838 68509 55220 84501 50635 14943 76050 96902 58525 61231 55470 46565 1622 94134 37427 10902 49604 43970 95897 23604 4416 13335 4103 91673
150 490
50 450
10 380
240 479
111 444
123 456
12 345
output =17319115
20312564
18866526
11912564
17011718
16776557
17333717

case=5
input =1000 10
77514 3824 21448 39065 75352 25578 93583 73913 30508 52202 15876 13955 33656 67425 10692 67730 55398 13024 22170 2812 87890 902 94858 11770 91958 48892 60554 23360 75483 19960 48373 61120 70908 67968 53323 48638 85025 45352 58359 36711 99096 31937 79583 47662 93291 26760 23422 5788 54215 7233 75805 52290 14249 10192 13756 99768 79745 15090 27229 65302 45530 82879 21673 79660 46510 49010 32485 80965 39947 22946 43158 69634 65787 56541 42385 69405 75502 84105 23979 68177 28306 61819 34351 78212 25646 45188 8037 80620 1284 56904 31267 44590 89319 72257 91633 42633 48223 23852 26895 29496 66873 52185 44868 12821 13422 76886 37390 55871 1251 11747 28693 11223 79858 31823 40420 41286 40471 39643 95947 32686 97229 58748 75057 12599 49480 49428 94944 89713 25918 57823 39324 66178 22162 51705 7631 72299 93041 39339 86044 33827 72094 85825 14901 54182 4849 50043 37935 56284 6134 49917 25972 15456 2061 85086 80890 6944 86958 44163 38939 23655 63585 74168 50225 3395 97062 70001 99697 90228 707 40386 19518 68824 84496 10302 13472 1743 42159 27125 90470 7826 81863 20173 11800 17681 87393 19234 22803 51046 35849 73039 85073 44771 44115 89818 16906 52915 16181 95147 64107 28918 50978 82026 11008 49303 48485 74340 71728 53599 88608 70503 70830 52921 45904 64303 92081 79972 22864 70004 72073 99939 98677 25726 18508 71586 55284 23290 15555 41043 6242 21629 66824 70996 29359 52223 67315 29866 95418 59363 42938 90348 22026 91243 53811 42053 64435 90617 18874 77427 93007 68919 6866 42803 55382 77465 38705 57866 93282 59684 10249 21963 29421 52668 1158 84796 76887 62880 9380 23036 20213 17192 49784 70739 63874 31513 72354 49829 99173 3227 14429 29039 75663 41902 98800 15369 2716 36247 95591 30296 93077 11487 53609 75150 84678 63013 55019 62093 40548 70112 54476 28401 41993 94352 71139 23756 73037 50419 51413 80641 71973 10718 46380 93930 9152 7282 55914 32658 36608 93938 76184 33461 64175 48507 3290 40363 27632 93778 30962 71695 91713 14673 40012 1730 8005 96160 83234 81955 31024 78681 13401 57226 26667 29045 51861 12690 46711 57687 53710 78272 75908 93071 72270 60997 44892 99573 39444 38944 34574 4374 58955 70406 89988 51375 79114 874 81453 44261 11097 59813 20511 79558 35814 71166 24401 15542 7278 82745 81592 35307 5277 83248 23455 3953 32947 9903 79288 57685 6181 7758 16197 44942 90286 99384 83545 29836 75111 46118 75132 29652 2872 99257 9944 65528 79839 32387 88588 84113 17118 86495 25080 74801 28262 7714 10457 21979 56674 72857 72183 36486 20843 83692 72210 36207 62411 8413 60227 9914 74659 3568 11186 98197 45151 43761 20490 23738 63328 21278 94157 16534 71598 19469 43448 5385 25367 80499 10375 46213 99237 42038 7309 51121 16870 17921 4363 75552 34535 67351 90581 75048 67388 4951 38114 78670 80995 61933 23048 78251 29280 45838 1488 72938 3728 40475 71675 54441 99716 36352 70193 40203 62252 14437 42271 91028 41100 48183 75834 55434 88766 51575 46246 26872 14164 71432 81092 67857 11837 5153 44820 55596 9710 21429 4630 33226 71010 62570 96837 23384 79104 64165 8647 6894 81888 33666 55865 32496 48838 59329 49329 78903 79173 78179 47585 91378 20133 13662 2718 70712 46284 40706 79329 33683 56173 55129 9510 84767 73117 70552 75243 23286 7044 62771 3 47541 97410 51389 40526 41005 81468 55935 31617 24610 54429 66768 61996 61295 44046 21586 60038 52013 98438 19066 31211 65381 28887 84618 39644 39191 84519 93179 51571 57644 58044 90719 89429 13373 56322 68447 78201 44215 35096 19782 42402 38135 31013 72168 24092 79602 70318 11669 12563 95250 61349 43944 7904 5742 32393 81165 81675 10366 74828 415 37099 79558 43378 73975 95112 6301 83985 48150 96663 70322 11339 50523 52753 54575 53995 15422 71186 69442 18342 24389 1704 31622 65759 74053 37494 20671 43318 25505 33578 49006 15352 83793 85849 16665 46021 78063 19061 23491 78287 60528 37240 21261 8349 32771 51490 10725 18929 72211 61605 10697 48488 83967 26492 937 20409 19739 49615 42364 45661 63182 50519 84637 29540 12702 82533 11212 14796 70465 97525 15667 47765 65626 7996 40949 3191 22249 13721 73804 93248 99374 7008 9149 24451 84494 94440 93815 19407 125 63153 23896 77738 62282 39151 46491 28246 92157 99056 78138 39103 9273 57015 40010 26106 2778 41511 23335 87536 25327 96051 58187 2757 15143 16284 47441 89803 66427 23474 69029 37437 31510 96591 12612 90213 82671 26603 65186 52958 94049 63349 64192 79962 58384 93421 89119 57270 24029 99897 474 46186 13379 70832 75108 45603 85962 63047 62233 20118 17987 53759 46670 90298 80362 33364 42922 33302 83664 51607 75366 83117 16727 33520 19521 15104 96579 59060 14328 15413 47175 95421 64168 55459 35184 42460 44294 81868 33329 25536 43093 35482 22728 63883 4271 50344 16339 61939 11246 68583 47462 42691 96600 20469 92192 14647 61085 94495 30462 12932 18187 97931 31294 53585 70027 72380 29243 95582 44752 57085 8289 81968 84692 74065 79826 70791 73177 79923 54578 96678 22382 88954 21631 5374 51160 12507 6552 10838 65245 76602 95796 67951 5181 37242 55599 81206 24251 75188 57249 63891 62020 24 10117 76092 30166 34931 54868 71539 23572 74822 92815 33484 23939 31766 97601 72272 96767 78533 20250 45534 25813 19709 89921 25664 52984 97326 63437 68372 89192 71795 94576 84340 45533 76491 28571 17052 83038 16238 79947 44358 14286 79387 5252 49232 67245 79381 96004 49747 76622 97469 59121 41200 98763 54395 64944 41445 55911 7934 79934 96271 43187 20391 74486 34908 76631 81639 21610 54682 55811 49315 86047 70931 45937 63565 72045 91200 37668 90710 66473 82872 38462 38032 98839 3200 59347 87704 26435 27439 45847 7156 76607 27259 22784 72922 97936 5529 38469 6536 11204 13761 8274 85682 27009 59452 81425 51127 3712 65135 49853 30989 9615 73301 74517 12372 65547 47029 52824 36241 32581 54439 48939 21177 53498 39895 30054 18049 14168 4893 71681 46038 51330 28588 47687 2927 2906 86369 9288 40954 99524 66698 46089 26574 77327 40190 5566 80556 53431 23748 23623 57062 49624 91266 97928 75814 36805 99123 46844 80478 90593 45629 33746 42371 61630
175 876
275 976
345 789
123 789
321 987
1 999
11 990
110 886
234 765
716 769
output =34931525
34743045
21582454
32720731
32823768
49482493
48513925
38739043
26099388
2964332

*/
Solution:
import java.util.*;

public class NumArray {
	int[] nums;
	int[] BIT;
	int n;

	public NumArray(int[] nums) {
		this.nums = nums;

		n = nums.length;
		BIT = new int[n + 1];
		for (int i = 0; i < n; i++)
			init(i, nums[i]);
	}

	public void init(int i, int val) {
		i++;
		while (i <= n) {
			BIT[i] += val;
			i += (i & -i);
		}
	}

	void update(int i, int val) {
		int diff = val - nums[i];
		nums[i] = val;
		init(i, diff);
	}

	public int getSum(int i) {
		int sum = 0;
		i++;
		while (i > 0) {
			sum += BIT[i];
			i -= (i & -i);
		}
		return sum;
	}

	public int sumRange(int i, int j) {
		return getSum(j) - getSum(i - 1);
	}

	public static void main(String args[] ) {
		 Scanner scan = new Scanner(System.in);
			int n=scan.nextInt();
			int q=scan.nextInt();      
			int[] nums=new int[n];
		   for(int i=0; i<n; i++)
		   {
				 nums[i] = scan.nextInt();
		   }
		   NumArray na=new NumArray(nums);
		   for(int i=0; i<q; i++)
		   {
		   // call sumrange(s1,s2)
			int s1 = scan.nextInt();
			int s2 = scan.nextInt();
			System.out.println(na.sumRange(s1,s2));
		   }
	}
}